id,psi,x,y,z
4000,-0.17362425160044,0,0,0
4001,1.7714730271218,0.00025,0,0
4002,0.010096065244308,0.0005,0,0
4003,0.18406664062954,0.00075,0,0
4004,0.1468798350701,0.001,0,0
4005,0.15403820984147,0.00125,0,0
4006,0.15260289465458,0.0015,0,0
4007,0.15286086161241,0.00175,0,0
4008,0.15278626402151,0.002,0,0
4009,0.15277702444488,0.00225,0,0
4010,0.1527549418388,0.0025,0,0
4011,0.15273538298528,0.00275,0,0
4012,0.15271532819765,0.003,0,0
4013,0.15269537086446,0.00325,0,0
4014,0.15267539438082,0.0035,0,0
4015,0.15265542166036,0.00375,0,0
4016,0.15263544820042,0.004,0,0
4017,0.15261547488579,0.00425,0,0
4018,0.1525955015426,0.0045,0,0
4019,0.15257552820503,0.00475,0,0
4020,0.15255555486635,0.005,0,0
4021,0.15253558152789,0.00525,0,0
4022,0.15251560818938,0.0055,0,0
4023,0.15249563485089,0.00575,0,0
4024,0.15247566151239,0.006,0,0
4025,0.1524556881739,0.00625,0,0
4026,0.1524357148354,0.0065,0,0
4027,0.1524157414969,0.00675,0,0
4028,0.15239576815841,0.007,0,0
4029,0.15237579481991,0.00725,0,0
4030,0.15235582148141,0.0075,0,0
4031,0.15233584814292,0.00775,0,0
4032,0.15231587480442,0.008,0,0
4033,0.15229590146593,0.00825,0,0
4034,0.15227592812743,0.0085,0,0
4035,0.15225595478893,0.00875,0,0
4036,0.15223598145044,0.009,0,0
4037,0.15221600811194,0.00925,0,0
4038,0.15219603477344,0.0095,0,0
4039,0.15217606143495,0.00975,0,0
4040,0.15215608809645,0.01,0,0
4041,0.15213611475796,0.01025,0,0
4042,0.15211614141946,0.0105,0,0
4043,0.15209616808096,0.01075,0,0
4044,0.15207619474247,0.011,0,0
4045,0.15205622140397,0.01125,0,0
4046,0.15203624806547,0.0115,0,0
4047,0.15201627472698,0.01175,0,0
4048,0.15199630138848,0.012,0,0
4049,0.15197632804998,0.01225,0,0
4050,0.15195635471149,0.0125,0,0
4051,0.15193638137299,0.01275,0,0
4052,0.1519164080345,0.013,0,0
4053,0.151896434696,0.01325,0,0
4054,0.1518764613575,0.0135,0,0
4055,0.15185648801901,0.01375,0,0
4056,0.15183651468051,0.014,0,0
4057,0.15181654134201,0.01425,0,0
4058,0.15179656800352,0.0145,0,0
4059,0.15177659466502,0.01475,0,0
4060,0.15175662132653,0.015,0,0
4061,0.15173664798803,0.01525,0,0
4062,0.15171667464953,0.0155,0,0
4063,0.15169670131104,0.01575,0,0
4064,0.15167672797254,0.016,0,0
4065,0.15165675463404,0.01625,0,0
4066,0.15163678129555,0.0165,0,0
4067,0.15161680795705,0.01675,0,0
4068,0.15159683461856,0.017,0,0
4069,0.15157686128006,0.01725,0,0
4070,0.15155688794156,0.0175,0,0
4071,0.15153691460307,0.01775,0,0
4072,0.15151694126457,0.018,0,0
4073,0.15149696792607,0.01825,0,0
4074,0.15147699458758,0.0185,0,0
4075,0.15145702124908,0.01875,0,0
4076,0.15143704791058,0.019,0,0
4077,0.15141707457209,0.01925,0,0
4078,0.15139710123359,0.0195,0,0
4079,0.1513771278951,0.01975,0,0
4080,0.1513571545566,0.02,0,0
4081,0.1513371812181,0.02025,0,0
4082,0.15131720787961,0.0205,0,0
4083,0.15129723454111,0.02075,0,0
4084,0.15127726120261,0.021,0,0
4085,0.15125728786412,0.02125,0,0
4086,0.15123731452562,0.0215,0,0
4087,0.15121734118713,0.02175,0,0
4088,0.15119736784863,0.022,0,0
4089,0.15117739451013,0.02225,0,0
4090,0.15115742117164,0.0225,0,0
4091,0.15113744783314,0.02275,0,0
4092,0.15111747449464,0.023,0,0
4093,0.15109750115615,0.02325,0,0
4094,0.15107752781765,0.0235,0,0
4095,0.15105755447915,0.02375,0,0
4096,0.15103758114066,0.024,0,0
4097,0.15101760780216,0.02425,0,0
4098,0.15099763446367,0.0245,0,0
4099,0.15097766112517,0.02475,0,0
4100,0.15095768778667,0.025,0,0
4101,0.15093771444818,0.02525,0,0
4102,0.15091774110968,0.0255,0,0
4103,0.15089776777118,0.02575,0,0
4104,0.15087779443269,0.026,0,0
4105,0.15085782109419,0.02625,0,0
4106,0.1508378477557,0.0265,0,0
4107,0.1508178744172,0.02675,0,0
4108,0.1507979010787,0.027,0,0
4109,0.15077792774021,0.02725,0,0
4110,0.15075795440171,0.0275,0,0
4111,0.15073798106321,0.02775,0,0
4112,0.15071800772472,0.028,0,0
4113,0.15069803438622,0.02825,0,0
4114,0.15067806104773,0.0285,0,0
4115,0.15065808770923,0.02875,0,0
4116,0.15063811437073,0.029,0,0
4117,0.15061814103224,0.02925,0,0
4118,0.15059816769374,0.0295,0,0
4119,0.15057819435524,0.02975,0,0
4120,0.15055822101675,0.03,0,0
4121,0.15053824767825,0.03025,0,0
4122,0.15051827433975,0.0305,0,0
4123,0.15049830100126,0.03075,0,0
4124,0.15047832766276,0.031,0,0
4125,0.15045835432427,0.03125,0,0
4126,0.15043838098577,0.0315,0,0
4127,0.15041840764727,0.03175,0,0
4128,0.15039843430878,0.032,0,0
4129,0.15037846097028,0.03225,0,0
4130,0.15035848763178,0.0325,0,0
4131,0.15033851429329,0.03275,0,0
4132,0.15031854095479,0.033,0,0
4133,0.1502985676163,0.03325,0,0
4134,0.1502785942778,0.0335,0,0
4135,0.1502586209393,0.03375,0,0
4136,0.15023864760081,0.034,0,0
4137,0.15021867426231,0.03425,0,0
4138,0.15019870092381,0.0345,0,0
4139,0.15017872758532,0.03475,0,0
4140,0.15015875424682,0.035,0,0
4141,0.15013878090832,0.03525,0,0
4142,0.15011880756983,0.0355,0,0
4143,0.15009883423133,0.03575,0,0
4144,0.15007886089284,0.036,0,0
4145,0.15005888755434,0.03625,0,0
4146,0.15003891421584,0.0365,0,0
4147,0.15001894087735,0.03675,0,0
4148,0.14999896753885,0.037,0,0
4149,0.14997899420035,0.03725,0,0
4150,0.14995902086186,0.0375,0,0
4151,0.14993904752336,0.03775,0,0
4152,0.14991907418487,0.038,0,0
4153,0.14989910084637,0.03825,0,0
4154,0.14987912750787,0.0385,0,0
4155,0.14985915416938,0.03875,0,0
4156,0.14983918083088,0.039,0,0
4157,0.14981920749238,0.03925,0,0
4158,0.14979923415389,0.0395,0,0
4159,0.14977926081539,0.03975,0,0
4160,0.14975928747689,0.04,0,0
4161,0.1497393141384,0.04025,0,0
4162,0.1497193407999,0.0405,0,0
4163,0.14969936746141,0.04075,0,0
4164,0.14967939412291,0.041,0,0
4165,0.14965942078441,0.04125,0,0
4166,0.14963944744592,0.0415,0,0
4167,0.14961947410742,0.04175,0,0
4168,0.14959950076892,0.042,0,0
4169,0.14957952743043,0.04225,0,0
4170,0.14955955409193,0.0425,0,0
4171,0.14953958075344,0.04275,0,0
4172,0.14951960741494,0.043,0,0
4173,0.14949963407644,0.04325,0,0
4174,0.14947966073795,0.0435,0,0
4175,0.14945968739945,0.04375,0,0
4176,0.14943971406095,0.044,0,0
4177,0.14941974072246,0.04425,0,0
4178,0.14939976738396,0.0445,0,0
4179,0.14937979404547,0.04475,0,0
4180,0.14935982070697,0.045,0,0
4181,0.14933984736847,0.04525,0,0
4182,0.14931987402998,0.0455,0,0
4183,0.14929990069148,0.04575,0,0
4184,0.14927992735298,0.046,0,0
4185,0.14925995401449,0.04625,0,0
4186,0.14923998067599,0.0465,0,0
4187,0.14922000733749,0.04675,0,0
4188,0.149200033999,0.047,0,0
4189,0.1491800606605,0.04725,0,0
4190,0.14916008732201,0.0475,0,0
4191,0.14914011398351,0.04775,0,0
4192,0.14912014064501,0.048,0,0
4193,0.14910016730652,0.04825,0,0
4194,0.14908019396802,0.0485,0,0
4195,0.14906022062952,0.04875,0,0
4196,0.14904024729103,0.049,0,0
4197,0.14902027395253,0.04925,0,0
4198,0.14900030061404,0.0495,0,0
4199,0.14898032727554,0.04975,0,0
4200,0.14896035393704,0.05,0,0
4201,0.14894038059855,0.05025,0,0
4202,0.14892040726005,0.0505,0,0
4203,0.14890043392155,0.05075,0,0
4204,0.14888046058306,0.051,0,0
4205,0.14886048724456,0.05125,0,0
4206,0.14884051390606,0.0515,0,0
4207,0.14882054056757,0.05175,0,0
4208,0.14880056722907,0.052,0,0
4209,0.14878059389058,0.05225,0,0
4210,0.14876062055208,0.0525,0,0
4211,0.14874064721358,0.05275,0,0
4212,0.14872067387509,0.053,0,0
4213,0.14870070053659,0.05325,0,0
4214,0.14868072719809,0.0535,0,0
4215,0.1486607538596,0.05375,0,0
4216,0.1486407805211,0.054,0,0
4217,0.14862080718261,0.05425,0,0
4218,0.14860083384411,0.0545,0,0
4219,0.14858086050561,0.05475,0,0
4220,0.14856088716712,0.055,0,0
4221,0.14854091382862,0.05525,0,0
4222,0.14852094049012,0.0555,0,0
4223,0.14850096715163,0.05575,0,0
4224,0.14848099381313,0.056,0,0
4225,0.14846102047464,0.05625,0,0
4226,0.14844104713614,0.0565,0,0
4227,0.14842107379764,0.05675,0,0
4228,0.14840110045915,0.057,0,0
4229,0.14838112712065,0.05725,0,0
4230,0.14836115378215,0.0575,0,0
4231,0.14834118044366,0.05775,0,0
4232,0.14832120710516,0.058,0,0
4233,0.14830123376666,0.05825,0,0
4234,0.14828126042817,0.0585,0,0
4235,0.14826128708967,0.05875,0,0
4236,0.14824131375118,0.059,0,0
4237,0.14822134041268,0.05925,0,0
4238,0.14820136707418,0.0595,0,0
4239,0.14818139373569,0.05975,0,0
4240,0.14816142039719,0.06,0,0
4241,0.14814144705869,0.06025,0,0
4242,0.1481214737202,0.0605,0,0
4243,0.1481015003817,0.06075,0,0
4244,0.14808152704321,0.061,0,0
4245,0.14806155370471,0.06125,0,0
4246,0.14804158036621,0.0615,0,0
4247,0.14802160702772,0.06175,0,0
4248,0.14800163368922,0.062,0,0
4249,0.14798166035072,0.06225,0,0
4250,0.14796168701223,0.0625,0,0
4251,0.14794171367373,0.06275,0,0
4252,0.14792174033523,0.063,0,0
4253,0.14790176699674,0.06325,0,0
4254,0.14788179365824,0.0635,0,0
4255,0.14786182031975,0.06375,0,0
4256,0.14784184698125,0.064,0,0
4257,0.14782187364275,0.06425,0,0
4258,0.14780190030426,0.0645,0,0
4259,0.14778192696576,0.06475,0,0
4260,0.14776195362726,0.065,0,0
4261,0.14774198028877,0.06525,0,0
4262,0.14772200695027,0.0655,0,0
4263,0.14770203361178,0.06575,0,0
4264,0.14768206027328,0.066,0,0
4265,0.14766208693478,0.06625,0,0
4266,0.14764211359629,0.0665,0,0
4267,0.14762214025779,0.06675,0,0
4268,0.14760216691929,0.067,0,0
4269,0.1475821935808,0.06725,0,0
4270,0.1475622202423,0.0675,0,0
4271,0.1475422469038,0.06775,0,0
4272,0.14752227356531,0.068,0,0
4273,0.14750230022681,0.06825,0,0
4274,0.14748232688832,0.0685,0,0
4275,0.14746235354982,0.06875,0,0
4276,0.14744238021132,0.069,0,0
4277,0.14742240687283,0.06925,0,0
4278,0.14740243353433,0.0695,0,0
4279,0.14738246019583,0.06975,0,0
4280,0.14736248685734,0.07,0,0
4281,0.14734251351884,0.07025,0,0
4282,0.14732254018035,0.0705,0,0
4283,0.14730256684185,0.07075,0,0
4284,0.14728259350335,0.071,0,0
4285,0.14726262016486,0.07125,0,0
4286,0.14724264682636,0.0715,0,0
4287,0.14722267348786,0.07175,0,0
4288,0.14720270014937,0.072,0,0
4289,0.14718272681087,0.07225,0,0
4290,0.14716275347237,0.0725,0,0
4291,0.14714278013388,0.07275,0,0
4292,0.14712280679538,0.073,0,0
4293,0.14710283345689,0.07325,0,0
4294,0.14708286011839,0.0735,0,0
4295,0.14706288677989,0.07375,0,0
4296,0.1470429134414,0.074,0,0
4297,0.1470229401029,0.07425,0,0
4298,0.1470029667644,0.0745,0,0
4299,0.14698299342591,0.07475,0,0
4300,0.14696302008741,0.075,0,0
4301,0.14694304674892,0.07525,0,0
4302,0.14692307341042,0.0755,0,0
4303,0.14690310007192,0.07575,0,0
4304,0.14688312673343,0.076,0,0
4305,0.14686315339493,0.07625,0,0
4306,0.14684318005643,0.0765,0,0
4307,0.14682320671794,0.07675,0,0
4308,0.14680323337944,0.077,0,0
4309,0.14678326004095,0.07725,0,0
4310,0.14676328670245,0.0775,0,0
4311,0.14674331336395,0.07775,0,0
4312,0.14672334002546,0.078,0,0
4313,0.14670336668696,0.07825,0,0
4314,0.14668339334846,0.0785,0,0
4315,0.14666342000997,0.07875,0,0
4316,0.14664344667147,0.079,0,0
4317,0.14662347333297,0.07925,0,0
4318,0.14660349999448,0.0795,0,0
4319,0.14658352665598,0.07975,0,0
4320,0.14656355331749,0.08,0,0
4321,0.14654357997899,0.08025,0,0
4322,0.14652360664049,0.0805,0,0
4323,0.146503633302,0.08075,0,0
4324,0.1464836599635,0.081,0,0
4325,0.146463686625,0.08125,0,0
4326,0.14644371328651,0.0815,0,0
4327,0.14642373994801,0.08175,0,0
4328,0.14640376660952,0.082,0,0
4329,0.14638379327102,0.08225,0,0
4330,0.14636381993252,0.0825,0,0
4331,0.14634384659403,0.08275,0,0
4332,0.14632387325553,0.083,0,0
4333,0.14630389991703,0.08325,0,0
4334,0.14628392657854,0.0835,0,0
4335,0.14626395324004,0.08375,0,0
4336,0.14624397990155,0.084,0,0
4337,0.14622400656305,0.08425,0,0
4338,0.14620403322455,0.0845,0,0
4339,0.14618405988606,0.08475,0,0
4340,0.14616408654756,0.085,0,0
4341,0.14614411320906,0.08525,0,0
4342,0.14612413987057,0.0855,0,0
4343,0.14610416653207,0.08575,0,0
4344,0.14608419319357,0.086,0,0
4345,0.14606421985508,0.08625,0,0
4346,0.14604424651658,0.0865,0,0
4347,0.14602427317809,0.08675,0,0
4348,0.14600429983959,0.087,0,0
4349,0.14598432650109,0.08725,0,0
4350,0.1459643531626,0.0875,0,0
4351,0.1459443798241,0.08775,0,0
4352,0.1459244064856,0.088,0,0
4353,0.14590443314711,0.08825,0,0
4354,0.14588445980861,0.0885,0,0
4355,0.14586448647012,0.08875,0,0
4356,0.14584451313162,0.089,0,0
4357,0.14582453979312,0.08925,0,0
4358,0.14580456645463,0.0895,0,0
4359,0.14578459311613,0.08975,0,0
4360,0.14576461977763,0.09,0,0
4361,0.14574464643914,0.09025,0,0
4362,0.14572467310064,0.0905,0,0
4363,0.14570469976214,0.09075,0,0
4364,0.14568472642365,0.091,0,0
4365,0.14566475308515,0.09125,0,0
4366,0.14564477974666,0.0915,0,0
4367,0.14562480640816,0.09175,0,0
4368,0.14560483306966,0.092,0,0
4369,0.14558485973117,0.09225,0,0
4370,0.14556488639267,0.0925,0,0
4371,0.14554491305417,0.09275,0,0
4372,0.14552493971568,0.093,0,0
4373,0.14550496637718,0.09325,0,0
4374,0.14548499303869,0.0935,0,0
4375,0.14546501970019,0.09375,0,0
4376,0.14544504636169,0.094,0,0
4377,0.1454250730232,0.09425,0,0
4378,0.1454050996847,0.0945,0,0
4379,0.1453851263462,0.09475,0,0
4380,0.14536515300771,0.095,0,0
4381,0.14534517966921,0.09525,0,0
4382,0.14532520633071,0.0955,0,0
4383,0.14530523299222,0.09575,0,0
4384,0.14528525965372,0.096,0,0
4385,0.14526528631523,0.09625,0,0
4386,0.14524531297673,0.0965,0,0
4387,0.14522533963823,0.09675,0,0
4388,0.14520536629974,0.097,0,0
4389,0.14518539296124,0.09725,0,0
4390,0.14516541962274,0.0975,0,0
4391,0.14514544628425,0.09775,0,0
4392,0.14512547294575,0.098,0,0
4393,0.14510549960726,0.09825,0,0
4394,0.14508552626876,0.0985,0,0
4395,0.14506555293026,0.09875,0,0
4396,0.14504557959177,0.099,0,0
4397,0.14502560625327,0.09925,0,0
4398,0.14500563291477,0.0995,0,0
4399,0.14498565957628,0.09975,0,0
4400,0.14496568623778,0.1,0,0
4401,0.14494571289929,0.10025,0,0
4402,0.14492573956079,0.1005,0,0
4403,0.14490576622229,0.10075,0,0
4404,0.1448857928838,0.101,0,0
4405,0.1448658195453,0.10125,0,0
4406,0.1448458462068,0.1015,0,0
4407,0.14482587286831,0.10175,0,0
4408,0.14480589952981,0.102,0,0
4409,0.14478592619131,0.10225,0,0
4410,0.14476595285282,0.1025,0,0
4411,0.14474597951432,0.10275,0,0
4412,0.14472600617583,0.103,0,0
4413,0.14470603283733,0.10325,0,0
4414,0.14468605949883,0.1035,0,0
4415,0.14466608616034,0.10375,0,0
4416,0.14464611282184,0.104,0,0
4417,0.14462613948334,0.10425,0,0
4418,0.14460616614485,0.1045,0,0
4419,0.14458619280635,0.10475,0,0
4420,0.14456621946786,0.105,0,0
4421,0.14454624612936,0.10525,0,0
4422,0.14452627279086,0.1055,0,0
4423,0.14450629945237,0.10575,0,0
4424,0.14448632611387,0.106,0,0
4425,0.14446635277537,0.10625,0,0
4426,0.14444637943688,0.1065,0,0
4427,0.14442640609838,0.10675,0,0
4428,0.14440643275988,0.107,0,0
4429,0.14438645942139,0.10725,0,0
4430,0.14436648608289,0.1075,0,0
4431,0.1443465127444,0.10775,0,0
4432,0.1443265394059,0.108,0,0
4433,0.1443065660674,0.10825,0,0
4434,0.14428659272891,0.1085,0,0
4435,0.14426661939041,0.10875,0,0
4436,0.14424664605191,0.109,0,0
4437,0.14422667271342,0.10925,0,0
4438,0.14420669937492,0.1095,0,0
4439,0.14418672603643,0.10975,0,0
4440,0.14416675269793,0.11,0,0
4441,0.14414677935943,0.11025,0,0
4442,0.14412680602094,0.1105,0,0
4443,0.14410683268244,0.11075,0,0
4444,0.14408685934394,0.111,0,0
4445,0.14406688600545,0.11125,0,0
4446,0.14404691266695,0.1115,0,0
4447,0.14402693932846,0.11175,0,0
4448,0.14400696598996,0.112,0,0
4449,0.14398699265146,0.11225,0,0
4450,0.14396701931297,0.1125,0,0
4451,0.14394704597447,0.11275,0,0
4452,0.14392707263597,0.113,0,0
4453,0.14390709929748,0.11325,0,0
4454,0.14388712595898,0.1135,0,0
4455,0.14386715262048,0.11375,0,0
4456,0.14384717928199,0.114,0,0
4457,0.14382720594349,0.11425,0,0
4458,0.143807232605,0.1145,0,0
4459,0.1437872592665,0.11475,0,0
4460,0.143767285928,0.115,0,0
4461,0.14374731258951,0.11525,0,0
4462,0.14372733925101,0.1155,0,0
4463,0.14370736591251,0.11575,0,0
4464,0.14368739257402,0.116,0,0
4465,0.14366741923552,0.11625,0,0
4466,0.14364744589703,0.1165,0,0
4467,0.14362747255853,0.11675,0,0
4468,0.14360749922003,0.117,0,0
4469,0.14358752588154,0.11725,0,0
4470,0.14356755254304,0.1175,0,0
4471,0.14354757920454,0.11775,0,0
4472,0.14352760586605,0.118,0,0
4473,0.14350763252755,0.11825,0,0
4474,0.14348765918905,0.1185,0,0
4475,0.14346768585056,0.11875,0,0
4476,0.14344771251206,0.119,0,0
4477,0.14342773917357,0.11925,0,0
4478,0.14340776583507,0.1195,0,0
4479,0.14338779249657,0.11975,0,0
4480,0.14336781915808,0.12,0,0
4481,0.14334784581958,0.12025,0,0
4482,0.14332787248108,0.1205,0,0
4483,0.14330789914259,0.12075,0,0
4484,0.14328792580409,0.121,0,0
4485,0.1432679524656,0.12125,0,0
4486,0.1432479791271,0.1215,0,0
4487,0.1432280057886,0.12175,0,0
4488,0.14320803245011,0.122,0,0
4489,0.14318805911161,0.12225,0,0
4490,0.14316808577311,0.1225,0,0
4491,0.14314811243462,0.12275,0,0
4492,0.14312813909612,0.123,0,0
4493,0.14310816575762,0.12325,0,0
4494,0.14308819241913,0.1235,0,0
4495,0.14306821908063,0.12375,0,0
4496,0.14304824574214,0.124,0,0
4497,0.14302827240364,0.12425,0,0
4498,0.14300829906514,0.1245,0,0
4499,0.14298832572665,0.12475,0,0
4500,0.14296835238815,0.125,0,0
4501,0.14294837904965,0.12525,0,0
4502,0.14292840571116,0.1255,0,0
4503,0.14290843237266,0.12575,0,0
4504,0.14288845903417,0.126,0,0
4505,0.14286848569567,0.12625,0,0
4506,0.14284851235717,0.1265,0,0
4507,0.14282853901868,0.12675,0,0
4508,0.14280856568018,0.127,0,0
4509,0.14278859234168,0.12725,0,0
4510,0.14276861900319,0.1275,0,0
4511,0.14274864566469,0.12775,0,0
4512,0.1427286723262,0.128,0,0
4513,0.1427086989877,0.12825,0,0
4514,0.1426887256492,0.1285,0,0
4515,0.14266875231071,0.12875,0,0
4516,0.14264877897221,0.129,0,0
4517,0.14262880563371,0.12925,0,0
4518,0.14260883229522,0.1295,0,0
4519,0.14258885895672,0.12975,0,0
4520,0.14256888561822,0.13,0,0
4521,0.14254891227973,0.13025,0,0
4522,0.14252893894123,0.1305,0,0
4523,0.14250896560274,0.13075,0,0
4524,0.14248899226424,0.131,0,0
4525,0.14246901892574,0.13125,0,0
4526,0.14244904558725,0.1315,0,0
4527,0.14242907224875,0.13175,0,0
4528,0.14240909891025,0.132,0,0
4529,0.14238912557176,0.13225,0,0
4530,0.14236915223326,0.1325,0,0
4531,0.14234917889477,0.13275,0,0
4532,0.14232920555627,0.133,0,0
4533,0.14230923221777,0.13325,0,0
4534,0.14228925887928,0.1335,0,0
4535,0.14226928554078,0.13375,0,0
4536,0.14224931220228,0.134,0,0
4537,0.14222933886379,0.13425,0,0
4538,0.14220936552529,0.1345,0,0
4539,0.14218939218679,0.13475,0,0
4540,0.1421694188483,0.135,0,0
4541,0.1421494455098,0.13525,0,0
4542,0.14212947217131,0.1355,0,0
4543,0.14210949883281,0.13575,0,0
4544,0.14208952549431,0.136,0,0
4545,0.14206955215582,0.13625,0,0
4546,0.14204957881732,0.1365,0,0
4547,0.14202960547882,0.13675,0,0
4548,0.14200963214033,0.137,0,0
4549,0.14198965880183,0.13725,0,0
4550,0.14196968546334,0.1375,0,0
4551,0.14194971212484,0.13775,0,0
4552,0.14192973878634,0.138,0,0
4553,0.14190976544785,0.13825,0,0
4554,0.14188979210935,0.1385,0,0
4555,0.14186981877085,0.13875,0,0
4556,0.14184984543236,0.139,0,0
4557,0.14182987209386,0.13925,0,0
4558,0.14180989875537,0.1395,0,0
4559,0.14178992541687,0.13975,0,0
4560,0.14176995207837,0.14,0,0
4561,0.14174997873988,0.14025,0,0
4562,0.14173000540138,0.1405,0,0
4563,0.14171003206288,0.14075,0,0
4564,0.14169005872439,0.141,0,0
4565,0.14167008538589,0.14125,0,0
4566,0.14165011204739,0.1415,0,0
4567,0.1416301387089,0.14175,0,0
4568,0.1416101653704,0.142,0,0
4569,0.14159019203191,0.14225,0,0
4570,0.14157021869341,0.1425,0,0
4571,0.14155024535491,0.14275,0,0
4572,0.14153027201642,0.143,0,0
4573,0.14151029867792,0.14325,0,0
4574,0.14149032533942,0.1435,0,0
4575,0.14147035200093,0.14375,0,0
4576,0.14145037866243,0.144,0,0
4577,0.14143040532394,0.14425,0,0
4578,0.14141043198544,0.1445,0,0
4579,0.14139045864694,0.14475,0,0
4580,0.14137048530845,0.145,0,0
4581,0.14135051196995,0.14525,0,0
4582,0.14133053863145,0.1455,0,0
4583,0.14131056529296,0.14575,0,0
4584,0.14129059195446,0.146,0,0
4585,0.14127061861596,0.14625,0,0
4586,0.14125064527747,0.1465,0,0
4587,0.14123067193897,0.14675,0,0
4588,0.14121069860048,0.147,0,0
4589,0.14119072526198,0.14725,0,0
4590,0.14117075192348,0.1475,0,0
4591,0.14115077858499,0.14775,0,0
4592,0.14113080524649,0.148,0,0
4593,0.14111083190799,0.14825,0,0
4594,0.1410908585695,0.1485,0,0
4595,0.141070885231,0.14875,0,0
4596,0.14105091189251,0.149,0,0
4597,0.14103093855401,0.14925,0,0
4598,0.14101096521551,0.1495,0,0
4599,0.14099099187702,0.14975,0,0
4600,0.14097101853852,0.15,0,0
4601,0.14095104520002,0.15025,0,0
4602,0.14093107186153,0.1505,0,0
4603,0.14091109852303,0.15075,0,0
4604,0.14089112518453,0.151,0,0
4605,0.14087115184604,0.15125,0,0
4606,0.14085117850754,0.1515,0,0
4607,0.14083120516905,0.15175,0,0
4608,0.14081123183055,0.152,0,0
4609,0.14079125849205,0.15225,0,0
4610,0.14077128515356,0.1525,0,0
4611,0.14075131181506,0.15275,0,0
4612,0.14073133847656,0.153,0,0
4613,0.14071136513807,0.15325,0,0
4614,0.14069139179957,0.1535,0,0
4615,0.14067141846108,0.15375,0,0
4616,0.14065144512258,0.154,0,0
4617,0.14063147178408,0.15425,0,0
4618,0.14061149844559,0.1545,0,0
4619,0.14059152510709,0.15475,0,0
4620,0.14057155176859,0.155,0,0
4621,0.1405515784301,0.15525,0,0
4622,0.1405316050916,0.1555,0,0
4623,0.14051163175311,0.15575,0,0
4624,0.14049165841461,0.156,0,0
4625,0.14047168507611,0.15625,0,0
4626,0.14045171173762,0.1565,0,0
4627,0.14043173839912,0.15675,0,0
4628,0.14041176506062,0.157,0,0
4629,0.14039179172213,0.15725,0,0
4630,0.14037181838363,0.1575,0,0
4631,0.14035184504513,0.15775,0,0
4632,0.14033187170664,0.158,0,0
4633,0.14031189836814,0.15825,0,0
4634,0.14029192502965,0.1585,0,0
4635,0.14027195169115,0.15875,0,0
4636,0.14025197835265,0.159,0,0
4637,0.14023200501416,0.15925,0,0
4638,0.14021203167566,0.1595,0,0
4639,0.14019205833716,0.15975,0,0
4640,0.14017208499867,0.16,0,0
4641,0.14015211166017,0.16025,0,0
4642,0.14013213832168,0.1605,0,0
4643,0.14011216498318,0.16075,0,0
4644,0.14009219164468,0.161,0,0
4645,0.14007221830619,0.16125,0,0
4646,0.14005224496769,0.1615,0,0
4647,0.14003227162919,0.16175,0,0
4648,0.1400122982907,0.162,0,0
4649,0.1399923249522,0.16225,0,0
4650,0.1399723516137,0.1625,0,0
4651,0.13995237827521,0.16275,0,0
4652,0.13993240493671,0.163,0,0
4653,0.13991243159822,0.16325,0,0
4654,0.13989245825972,0.1635,0,0
4655,0.13987248492122,0.16375,0,0
4656,0.13985251158273,0.164,0,0
4657,0.13983253824423,0.16425,0,0
4658,0.13981256490573,0.1645,0,0
4659,0.13979259156724,0.16475,0,0
4660,0.13977261822874,0.165,0,0
4661,0.13975264489025,0.16525,0,0
4662,0.13973267155175,0.1655,0,0
4663,0.13971269821325,0.16575,0,0
4664,0.13969272487476,0.166,0,0
4665,0.13967275153626,0.16625,0,0
4666,0.13965277819776,0.1665,0,0
4667,0.13963280485927,0.16675,0,0
4668,0.13961283152077,0.167,0,0
4669,0.13959285818227,0.16725,0,0
4670,0.13957288484378,0.1675,0,0
4671,0.13955291150528,0.16775,0,0
4672,0.13953293816679,0.168,0,0
4673,0.13951296482829,0.16825,0,0
4674,0.13949299148979,0.1685,0,0
4675,0.1394730181513,0.16875,0,0
4676,0.1394530448128,0.169,0,0
4677,0.1394330714743,0.16925,0,0
4678,0.13941309813581,0.1695,0,0
4679,0.13939312479731,0.16975,0,0
4680,0.13937315145882,0.17,0,0
4681,0.13935317812032,0.17025,0,0
4682,0.13933320478182,0.1705,0,0
4683,0.13931323144333,0.17075,0,0
4684,0.13929325810483,0.171,0,0
4685,0.13927328476633,0.17125,0,0
4686,0.13925331142784,0.1715,0,0
4687,0.13923333808934,0.17175,0,0
4688,0.13921336475085,0.172,0,0
4689,0.13919339141235,0.17225,0,0
4690,0.13917341807385,0.1725,0,0
4691,0.13915344473536,0.17275,0,0
4692,0.13913347139686,0.173,0,0
4693,0.13911349805836,0.17325,0,0
4694,0.13909352471987,0.1735,0,0
4695,0.13907355138137,0.17375,0,0
4696,0.13905357804287,0.174,0,0
4697,0.13903360470438,0.17425,0,0
4698,0.13901363136588,0.1745,0,0
4699,0.13899365802739,0.17475,0,0
4700,0.13897368468889,0.175,0,0
4701,0.13895371135039,0.17525,0,0
4702,0.1389337380119,0.1755,0,0
4703,0.1389137646734,0.17575,0,0
4704,0.1388937913349,0.176,0,0
4705,0.13887381799641,0.17625,0,0
4706,0.13885384465791,0.1765,0,0
4707,0.13883387131942,0.17675,0,0
4708,0.13881389798092,0.177,0,0
4709,0.13879392464242,0.17725,0,0
4710,0.13877395130393,0.1775,0,0
4711,0.13875397796543,0.17775,0,0
4712,0.13873400462693,0.178,0,0
4713,0.13871403128844,0.17825,0,0
4714,0.13869405794994,0.1785,0,0
4715,0.13867408461144,0.17875,0,0
4716,0.13865411127295,0.179,0,0
4717,0.13863413793445,0.17925,0,0
4718,0.13861416459596,0.1795,0,0
4719,0.13859419125746,0.17975,0,0
4720,0.13857421791896,0.18,0,0
4721,0.13855424458047,0.18025,0,0
4722,0.13853427124197,0.1805,0,0
4723,0.13851429790347,0.18075,0,0
4724,0.13849432456498,0.181,0,0
4725,0.13847435122648,0.18125,0,0
4726,0.13845437788799,0.1815,0,0
4727,0.13843440454949,0.18175,0,0
4728,0.13841443121099,0.182,0,0
4729,0.1383944578725,0.18225,0,0
4730,0.138374484534,0.1825,0,0
4731,0.1383545111955,0.18275,0,0
4732,0.13833453785701,0.183,0,0
4733,0.13831456451851,0.18325,0,0
4734,0.13829459118002,0.1835,0,0
4735,0.13827461784152,0.18375,0,0
4736,0.13825464450302,0.184,0,0
4737,0.13823467116453,0.18425,0,0
4738,0.13821469782603,0.1845,0,0
4739,0.13819472448753,0.18475,0,0
4740,0.13817475114904,0.185,0,0
4741,0.13815477781054,0.18525,0,0
4742,0.13813480447204,0.1855,0,0
4743,0.13811483113355,0.18575,0,0
4744,0.13809485779505,0.186,0,0
4745,0.13807488445656,0.18625,0,0
4746,0.13805491111806,0.1865,0,0
4747,0.13803493777956,0.18675,0,0
4748,0.13801496444107,0.187,0,0
4749,0.13799499110257,0.18725,0,0
4750,0.13797501776407,0.1875,0,0
4751,0.13795504442558,0.18775,0,0
4752,0.13793507108708,0.188,0,0
4753,0.13791509774859,0.18825,0,0
4754,0.13789512441009,0.1885,0,0
4755,0.13787515107159,0.18875,0,0
4756,0.1378551777331,0.189,0,0
4757,0.1378352043946,0.18925,0,0
4758,0.1378152310561,0.1895,0,0
4759,0.13779525771761,0.18975,0,0
4760,0.13777528437911,0.19,0,0
4761,0.13775531104061,0.19025,0,0
4762,0.13773533770212,0.1905,0,0
4763,0.13771536436362,0.19075,0,0
4764,0.13769539102513,0.191,0,0
4765,0.13767541768663,0.19125,0,0
4766,0.13765544434813,0.1915,0,0
4767,0.13763547100964,0.19175,0,0
4768,0.13761549767114,0.192,0,0
4769,0.13759552433264,0.19225,0,0
4770,0.13757555099415,0.1925,0,0
4771,0.13755557765565,0.19275,0,0
4772,0.13753560431716,0.193,0,0
4773,0.13751563097866,0.19325,0,0
4774,0.13749565764016,0.1935,0,0
4775,0.13747568430167,0.19375,0,0
4776,0.13745571096317,0.194,0,0
4777,0.13743573762467,0.19425,0,0
4778,0.13741576428618,0.1945,0,0
4779,0.13739579094768,0.19475,0,0
4780,0.13737581760919,0.195,0,0
4781,0.13735584427069,0.19525,0,0
4782,0.13733587093219,0.1955,0,0
4783,0.1373158975937,0.19575,0,0
4784,0.1372959242552,0.196,0,0
4785,0.1372759509167,0.19625,0,0
4786,0.13725597757821,0.1965,0,0
4787,0.13723600423971,0.19675,0,0
4788,0.13721603090121,0.197,0,0
4789,0.13719605756272,0.19725,0,0
4790,0.13717608422422,0.1975,0,0
4791,0.13715611088573,0.19775,0,0
4792,0.13713613754723,0.198,0,0
4793,0.13711616420873,0.19825,0,0
4794,0.13709619087024,0.1985,0,0
4795,0.13707621753174,0.19875,0,0
4796,0.13705624419324,0.199,0,0
4797,0.13703627085475,0.19925,0,0
4798,0.13701629751625,0.1995,0,0
4799,0.13699632417776,0.19975,0,0
4800,0.13697635083926,0.2,0,0
4801,0.13695637750076,0.20025,0,0
4802,0.13693640416227,0.2005,0,0
4803,0.13691643082377,0.20075,0,0
4804,0.13689645748527,0.201,0,0
4805,0.13687648414678,0.20125,0,0
4806,0.13685651080828,0.2015,0,0
4807,0.13683653746978,0.20175,0,0
4808,0.13681656413129,0.202,0,0
4809,0.13679659079279,0.20225,0,0
4810,0.1367766174543,0.2025,0,0
4811,0.1367566441158,0.20275,0,0
4812,0.1367366707773,0.203,0,0
4813,0.13671669743881,0.20325,0,0
4814,0.13669672410031,0.2035,0,0
4815,0.13667675076181,0.20375,0,0
4816,0.13665677742332,0.204,0,0
4817,0.13663680408482,0.20425,0,0
4818,0.13661683074633,0.2045,0,0
4819,0.13659685740783,0.20475,0,0
4820,0.13657688406933,0.205,0,0
4821,0.13655691073084,0.20525,0,0
4822,0.13653693739234,0.2055,0,0
4823,0.13651696405384,0.20575,0,0
4824,0.13649699071535,0.206,0,0
4825,0.13647701737685,0.20625,0,0
4826,0.13645704403835,0.2065,0,0
4827,0.13643707069986,0.20675,0,0
4828,0.13641709736136,0.207,0,0
4829,0.13639712402287,0.20725,0,0
4830,0.13637715068437,0.2075,0,0
4831,0.13635717734587,0.20775,0,0
4832,0.13633720400738,0.208,0,0
4833,0.13631723066888,0.20825,0,0
4834,0.13629725733038,0.2085,0,0
4835,0.13627728399189,0.20875,0,0
4836,0.13625731065339,0.209,0,0
4837,0.1362373373149,0.20925,0,0
4838,0.1362173639764,0.2095,0,0
4839,0.1361973906379,0.20975,0,0
4840,0.13617741729941,0.21,0,0
4841,0.13615744396091,0.21025,0,0
4842,0.13613747062241,0.2105,0,0
4843,0.13611749728392,0.21075,0,0
4844,0.13609752394542,0.211,0,0
4845,0.13607755060693,0.21125,0,0
4846,0.13605757726843,0.2115,0,0
4847,0.13603760392993,0.21175,0,0
4848,0.13601763059144,0.212,0,0
4849,0.13599765725294,0.21225,0,0
4850,0.13597768391444,0.2125,0,0
4851,0.13595771057595,0.21275,0,0
4852,0.13593773723745,0.213,0,0
4853,0.13591776389895,0.21325,0,0
4854,0.13589779056046,0.2135,0,0
4855,0.13587781722196,0.21375,0,0
4856,0.13585784388347,0.214,0,0
4857,0.13583787054497,0.21425,0,0
4858,0.13581789720647,0.2145,0,0
4859,0.13579792386798,0.21475,0,0
4860,0.13577795052948,0.215,0,0
4861,0.13575797719098,0.21525,0,0
4862,0.13573800385249,0.2155,0,0
4863,0.13571803051399,0.21575,0,0
4864,0.1356980571755,0.216,0,0
4865,0.135678083837,0.21625,0,0
4866,0.1356581104985,0.2165,0,0
4867,0.13563813716001,0.21675,0,0
4868,0.13561816382151,0.217,0,0
4869,0.13559819048301,0.21725,0,0
4870,0.13557821714452,0.2175,0,0
4871,0.13555824380602,0.21775,0,0
4872,0.13553827046752,0.218,0,0
4873,0.13551829712903,0.21825,0,0
4874,0.13549832379053,0.2185,0,0
4875,0.13547835045204,0.21875,0,0
4876,0.13545837711354,0.219,0,0
4877,0.13543840377504,0.21925,0,0
4878,0.13541843043655,0.2195,0,0
4879,0.13539845709805,0.21975,0,0
4880,0.13537848375955,0.22,0,0
4881,0.13535851042106,0.22025,0,0
4882,0.13533853708256,0.2205,0,0
4883,0.13531856374407,0.22075,0,0
4884,0.13529859040557,0.221,0,0
4885,0.13527861706707,0.22125,0,0
4886,0.13525864372858,0.2215,0,0
4887,0.13523867039008,0.22175,0,0
4888,0.13521869705158,0.222,0,0
4889,0.13519872371309,0.22225,0,0
4890,0.13517875037459,0.2225,0,0
4891,0.13515877703609,0.22275,0,0
4892,0.1351388036976,0.223,0,0
4893,0.1351188303591,0.22325,0,0
4894,0.13509885702061,0.2235,0,0
4895,0.13507888368211,0.22375,0,0
4896,0.13505891034361,0.224,0,0
4897,0.13503893700512,0.22425,0,0
4898,0.13501896366662,0.2245,0,0
4899,0.13499899032812,0.22475,0,0
4900,0.13497901698963,0.225,0,0
4901,0.13495904365113,0.22525,0,0
4902,0.13493907031264,0.2255,0,0
4903,0.13491909697414,0.22575,0,0
4904,0.13489912363564,0.226,0,0
4905,0.13487915029715,0.22625,0,0
4906,0.13485917695865,0.2265,0,0
4907,0.13483920362015,0.22675,0,0
4908,0.13481923028166,0.227,0,0
4909,0.13479925694316,0.22725,0,0
4910,0.13477928360467,0.2275,0,0
4911,0.13475931026617,0.22775,0,0
4912,0.13473933692767,0.228,0,0
4913,0.13471936358918,0.22825,0,0
4914,0.13469939025068,0.2285,0,0
4915,0.13467941691218,0.22875,0,0
4916,0.13465944357369,0.229,0,0
4917,0.13463947023519,0.22925,0,0
4918,0.13461949689669,0.2295,0,0
4919,0.1345995235582,0.22975,0,0
4920,0.1345795502197,0.23,0,0
4921,0.13455957688121,0.23025,0,0
4922,0.13453960354271,0.2305,0,0
4923,0.13451963020421,0.23075,0,0
4924,0.13449965686572,0.231,0,0
4925,0.13447968352722,0.23125,0,0
4926,0.13445971018872,0.2315,0,0
4927,0.13443973685023,0.23175,0,0
4928,0.13441976351173,0.232,0,0
4929,0.13439979017324,0.23225,0,0
4930,0.13437981683474,0.2325,0,0
4931,0.13435984349624,0.23275,0,0
4932,0.13433987015775,0.233,0,0
4933,0.13431989681925,0.23325,0,0
4934,0.13429992348075,0.2335,0,0
4935,0.13427995014226,0.23375,0,0
4936,0.13425997680376,0.234,0,0
4937,0.13424000346526,0.23425,0,0
4938,0.13422003012677,0.2345,0,0
4939,0.13420005678827,0.23475,0,0
4940,0.13418008344978,0.235,0,0
4941,0.13416011011128,0.23525,0,0
4942,0.13414013677278,0.2355,0,0
4943,0.13412016343429,0.23575,0,0
4944,0.13410019009579,0.236,0,0
4945,0.13408021675729,0.23625,0,0
4946,0.1340602434188,0.2365,0,0
4947,0.1340402700803,0.23675,0,0
4948,0.13402029674181,0.237,0,0
4949,0.13400032340331,0.23725,0,0
4950,0.13398035006481,0.2375,0,0
4951,0.13396037672632,0.23775,0,0
4952,0.13394040338782,0.238,0,0
4953,0.13392043004932,0.23825,0,0
4954,0.13390045671083,0.2385,0,0
4955,0.13388048337233,0.23875,0,0
4956,0.13386051003384,0.239,0,0
4957,0.13384053669534,0.23925,0,0
4958,0.13382056335684,0.2395,0,0
4959,0.13380059001835,0.23975,0,0
4960,0.13378061667985,0.24,0,0
4961,0.13376064334135,0.24025,0,0
4962,0.13374067000286,0.2405,0,0
4963,0.13372069666436,0.24075,0,0
4964,0.13370072332586,0.241,0,0
4965,0.13368074998737,0.24125,0,0
4966,0.13366077664887,0.2415,0,0
4967,0.13364080331038,0.24175,0,0
4968,0.13362082997188,0.242,0,0
4969,0.13360085663338,0.24225,0,0
4970,0.13358088329489,0.2425,0,0
4971,0.13356090995639,0.24275,0,0
4972,0.13354093661789,0.243,0,0
4973,0.1335209632794,0.24325,0,0
4974,0.1335009899409,0.2435,0,0
4975,0.13348101660241,0.24375,0,0
4976,0.13346104326391,0.244,0,0
4977,0.13344106992541,0.24425,0,0
4978,0.13342109658692,0.2445,0,0
4979,0.13340112324842,0.24475,0,0
4980,0.13338114990992,0.245,0,0
4981,0.13336117657143,0.24525,0,0
4982,0.13334120323293,0.2455,0,0
4983,0.13332122989443,0.24575,0,0
4984,0.13330125655594,0.246,0,0
4985,0.13328128321744,0.24625,0,0
4986,0.13326130987895,0.2465,0,0
4987,0.13324133654045,0.24675,0,0
4988,0.13322136320195,0.247,0,0
4989,0.13320138986346,0.24725,0,0
4990,0.13318141652496,0.2475,0,0
4991,0.13316144318646,0.24775,0,0
4992,0.13314146984797,0.248,0,0
4993,0.13312149650947,0.24825,0,0
4994,0.13310152317098,0.2485,0,0
4995,0.13308154983248,0.24875,0,0
4996,0.13306157649398,0.249,0,0
4997,0.13304160315549,0.24925,0,0
4998,0.13302162981699,0.2495,0,0
4999,0.13300165647849,0.24975,0,0
5000,0.13298168314,0.25,0,0
5001,0.1329617098015,0.25025,0,0
5002,0.132941736463,0.2505,0,0
5003,0.13292176312451,0.25075,0,0
5004,0.13290178978601,0.251,0,0
5005,0.13288181644752,0.25125,0,0
5006,0.13286184310902,0.2515,0,0
5007,0.13284186977052,0.25175,0,0
5008,0.13282189643203,0.252,0,0
5009,0.13280192309353,0.25225,0,0
5010,0.13278194975503,0.2525,0,0
5011,0.13276197641654,0.25275,0,0
5012,0.13274200307804,0.253,0,0
5013,0.13272202973955,0.25325,0,0
5014,0.13270205640105,0.2535,0,0
5015,0.13268208306255,0.25375,0,0
5016,0.13266210972406,0.254,0,0
5017,0.13264213638556,0.25425,0,0
5018,0.13262216304706,0.2545,0,0
5019,0.13260218970857,0.25475,0,0
5020,0.13258221637007,0.255,0,0
5021,0.13256224303158,0.25525,0,0
5022,0.13254226969308,0.2555,0,0
5023,0.13252229635458,0.25575,0,0
5024,0.13250232301609,0.256,0,0
5025,0.13248234967759,0.25625,0,0
5026,0.13246237633909,0.2565,0,0
5027,0.1324424030006,0.25675,0,0
5028,0.1324224296621,0.257,0,0
5029,0.1324024563236,0.25725,0,0
5030,0.13238248298511,0.2575,0,0
5031,0.13236250964661,0.25775,0,0
5032,0.13234253630812,0.258,0,0
5033,0.13232256296962,0.25825,0,0
5034,0.13230258963112,0.2585,0,0
5035,0.13228261629263,0.25875,0,0
5036,0.13226264295413,0.259,0,0
5037,0.13224266961563,0.25925,0,0
5038,0.13222269627714,0.2595,0,0
5039,0.13220272293864,0.25975,0,0
5040,0.13218274960015,0.26,0,0
5041,0.13216277626165,0.26025,0,0
5042,0.13214280292315,0.2605,0,0
5043,0.13212282958466,0.26075,0,0
5044,0.13210285624616,0.261,0,0
5045,0.13208288290766,0.26125,0,0
5046,0.13206290956917,0.2615,0,0
5047,0.13204293623067,0.26175,0,0
5048,0.13202296289217,0.262,0,0
5049,0.13200298955368,0.26225,0,0
5050,0.13198301621518,0.2625,0,0
5051,0.13196304287669,0.26275,0,0
5052,0.13194306953819,0.263,0,0
5053,0.13192309619969,0.26325,0,0
5054,0.1319031228612,0.2635,0,0
5055,0.1318831495227,0.26375,0,0
5056,0.1318631761842,0.264,0,0
5057,0.13184320284571,0.26425,0,0
5058,0.13182322950721,0.2645,0,0
5059,0.13180325616872,0.26475,0,0
5060,0.13178328283022,0.265,0,0
5061,0.13176330949172,0.26525,0,0
5062,0.13174333615323,0.2655,0,0
5063,0.13172336281473,0.26575,0,0
5064,0.13170338947623,0.266,0,0
5065,0.13168341613774,0.26625,0,0
5066,0.13166344279924,0.2665,0,0
5067,0.13164346946074,0.26675,0,0
5068,0.13162349612225,0.267,0,0
5069,0.13160352278375,0.26725,0,0
5070,0.13158354944526,0.2675,0,0
5071,0.13156357610676,0.26775,0,0
5072,0.13154360276826,0.268,0,0
5073,0.13152362942977,0.26825,0,0
5074,0.13150365609127,0.2685,0,0
5075,0.13148368275277,0.26875,0,0
5076,0.13146370941428,0.269,0,0
5077,0.13144373607578,0.26925,0,0
5078,0.13142376273729,0.2695,0,0
5079,0.13140378939879,0.26975,0,0
5080,0.13138381606029,0.27,0,0
5081,0.1313638427218,0.27025,0,0
5082,0.1313438693833,0.2705,0,0
5083,0.1313238960448,0.27075,0,0
5084,0.13130392270631,0.271,0,0
5085,0.13128394936781,0.27125,0,0
5086,0.13126397602932,0.2715,0,0
5087,0.13124400269082,0.27175,0,0
5088,0.13122402935232,0.272,0,0
5089,0.13120405601383,0.27225,0,0
5090,0.13118408267533,0.2725,0,0
5091,0.13116410933683,0.27275,0,0
5092,0.13114413599834,0.273,0,0
5093,0.13112416265984,0.27325,0,0
5094,0.13110418932134,0.2735,0,0
5095,0.13108421598285,0.27375,0,0
5096,0.13106424264435,0.274,0,0
5097,0.13104426930586,0.27425,0,0
5098,0.13102429596736,0.2745,0,0
5099,0.13100432262886,0.27475,0,0
5100,0.13098434929037,0.275,0,0
5101,0.13096437595187,0.27525,0,0
5102,0.13094440261337,0.2755,0,0
5103,0.13092442927488,0.27575,0,0
5104,0.13090445593638,0.276,0,0
5105,0.13088448259789,0.27625,0,0
5106,0.13086450925939,0.2765,0,0
5107,0.13084453592089,0.27675,0,0
5108,0.1308245625824,0.277,0,0
5109,0.1308045892439,0.27725,0,0
5110,0.1307846159054,0.2775,0,0
5111,0.13076464256691,0.27775,0,0
5112,0.13074466922841,0.278,0,0
5113,0.13072469588991,0.27825,0,0
5114,0.13070472255142,0.2785,0,0
5115,0.13068474921292,0.27875,0,0
5116,0.13066477587443,0.279,0,0
5117,0.13064480253593,0.27925,0,0
5118,0.13062482919743,0.2795,0,0
5119,0.13060485585894,0.27975,0,0
5120,0.13058488252044,0.28,0,0
5121,0.13056490918194,0.28025,0,0
5122,0.13054493584345,0.2805,0,0
5123,0.13052496250495,0.28075,0,0
5124,0.13050498916646,0.281,0,0
5125,0.13048501582796,0.28125,0,0
5126,0.13046504248946,0.2815,0,0
5127,0.13044506915097,0.28175,0,0
5128,0.13042509581247,0.282,0,0
5129,0.13040512247397,0.28225,0,0
5130,0.13038514913548,0.2825,0,0
5131,0.13036517579698,0.28275,0,0
5132,0.13034520245849,0.283,0,0
5133,0.13032522911999,0.28325,0,0
5134,0.13030525578149,0.2835,0,0
5135,0.130285282443,0.28375,0,0
5136,0.1302653091045,0.284,0,0
5137,0.130245335766,0.28425,0,0
5138,0.13022536242751,0.2845,0,0
5139,0.13020538908901,0.28475,0,0
5140,0.13018541575051,0.285,0,0
5141,0.13016544241202,0.28525,0,0
5142,0.13014546907352,0.2855,0,0
5143,0.13012549573503,0.28575,0,0
5144,0.13010552239653,0.286,0,0
5145,0.13008554905803,0.28625,0,0
5146,0.13006557571954,0.2865,0,0
5147,0.13004560238104,0.28675,0,0
5148,0.13002562904254,0.287,0,0
5149,0.13000565570405,0.28725,0,0
5150,0.12998568236555,0.2875,0,0
5151,0.12996570902706,0.28775,0,0
5152,0.12994573568856,0.288,0,0
5153,0.12992576235006,0.28825,0,0
5154,0.12990578901157,0.2885,0,0
5155,0.12988581567307,0.28875,0,0
5156,0.12986584233457,0.289,0,0
5157,0.12984586899608,0.28925,0,0
5158,0.12982589565758,0.2895,0,0
5159,0.12980592231908,0.28975,0,0
5160,0.12978594898059,0.29,0,0
5161,0.12976597564209,0.29025,0,0
5162,0.1297460023036,0.2905,0,0
5163,0.1297260289651,0.29075,0,0
5164,0.1297060556266,0.291,0,0
5165,0.12968608228811,0.29125,0,0
5166,0.12966610894961,0.2915,0,0
5167,0.12964613561111,0.29175,0,0
5168,0.12962616227262,0.292,0,0
5169,0.12960618893412,0.29225,0,0
5170,0.12958621559563,0.2925,0,0
5171,0.12956624225713,0.29275,0,0
5172,0.12954626891863,0.293,0,0
5173,0.12952629558014,0.29325,0,0
5174,0.12950632224164,0.2935,0,0
5175,0.12948634890314,0.29375,0,0
5176,0.12946637556465,0.294,0,0
5177,0.12944640222615,0.29425,0,0
5178,0.12942642888765,0.2945,0,0
5179,0.12940645554916,0.29475,0,0
5180,0.12938648221066,0.295,0,0
5181,0.12936650887217,0.29525,0,0
5182,0.12934653553367,0.2955,0,0
5183,0.12932656219517,0.29575,0,0
5184,0.12930658885668,0.296,0,0
5185,0.12928661551818,0.29625,0,0
5186,0.12926664217968,0.2965,0,0
5187,0.12924666884119,0.29675,0,0
5188,0.12922669550269,0.297,0,0
5189,0.1292067221642,0.29725,0,0
5190,0.1291867488257,0.2975,0,0
5191,0.1291667754872,0.29775,0,0
5192,0.12914680214871,0.298,0,0
5193,0.12912682881021,0.29825,0,0
5194,0.12910685547171,0.2985,0,0
5195,0.12908688213322,0.29875,0,0
5196,0.12906690879472,0.299,0,0
5197,0.12904693545623,0.29925,0,0
5198,0.12902696211773,0.2995,0,0
5199,0.12900698877923,0.29975,0,0
5200,0.12898701544074,0.3,0,0
5201,0.12896704210224,0.30025,0,0
5202,0.12894706876374,0.3005,0,0
5203,0.12892709542525,0.30075,0,0
5204,0.12890712208675,0.301,0,0
5205,0.12888714874825,0.30125,0,0
5206,0.12886717540976,0.3015,0,0
5207,0.12884720207126,0.30175,0,0
5208,0.12882722873277,0.302,0,0
5209,0.12880725539427,0.30225,0,0
5210,0.12878728205577,0.3025,0,0
5211,0.12876730871728,0.30275,0,0
5212,0.12874733537878,0.303,0,0
5213,0.12872736204028,0.30325,0,0
5214,0.12870738870179,0.3035,0,0
5215,0.12868741536329,0.30375,0,0
5216,0.1286674420248,0.304,0,0
5217,0.1286474686863,0.30425,0,0
5218,0.1286274953478,0.3045,0,0
5219,0.12860752200931,0.30475,0,0
5220,0.12858754867081,0.305,0,0
5221,0.12856757533231,0.30525,0,0
5222,0.12854760199382,0.3055,0,0
5223,0.12852762865532,0.30575,0,0
5224,0.12850765531682,0.306,0,0
5225,0.12848768197833,0.30625,0,0
5226,0.12846770863983,0.3065,0,0
5227,0.12844773530134,0.30675,0,0
5228,0.12842776196284,0.307,0,0
5229,0.12840778862434,0.30725,0,0
5230,0.12838781528585,0.3075,0,0
5231,0.12836784194735,0.30775,0,0
5232,0.12834786860885,0.308,0,0
5233,0.12832789527036,0.30825,0,0
5234,0.12830792193186,0.3085,0,0
5235,0.12828794859337,0.30875,0,0
5236,0.12826797525487,0.309,0,0
5237,0.12824800191637,0.30925,0,0
5238,0.12822802857788,0.3095,0,0
5239,0.12820805523938,0.30975,0,0
5240,0.12818808190088,0.31,0,0
5241,0.12816810856239,0.31025,0,0
5242,0.12814813522389,0.3105,0,0
5243,0.12812816188539,0.31075,0,0
5244,0.1281081885469,0.311,0,0
5245,0.1280882152084,0.31125,0,0
5246,0.12806824186991,0.3115,0,0
5247,0.12804826853141,0.31175,0,0
5248,0.12802829519291,0.312,0,0
5249,0.12800832185442,0.31225,0,0
5250,0.12798834851592,0.3125,0,0
5251,0.12796837517742,0.31275,0,0
5252,0.12794840183893,0.313,0,0
5253,0.12792842850043,0.31325,0,0
5254,0.12790845516194,0.3135,0,0
5255,0.12788848182344,0.31375,0,0
5256,0.12786850848494,0.314,0,0
5257,0.12784853514645,0.31425,0,0
5258,0.12782856180795,0.3145,0,0
5259,0.12780858846945,0.31475,0,0
5260,0.12778861513096,0.315,0,0
5261,0.12776864179246,0.31525,0,0
5262,0.12774866845397,0.3155,0,0
5263,0.12772869511547,0.31575,0,0
5264,0.12770872177697,0.316,0,0
5265,0.12768874843848,0.31625,0,0
5266,0.12766877509998,0.3165,0,0
5267,0.12764880176148,0.31675,0,0
5268,0.12762882842299,0.317,0,0
5269,0.12760885508449,0.31725,0,0
5270,0.12758888174599,0.3175,0,0
5271,0.1275689084075,0.31775,0,0
5272,0.127548935069,0.318,0,0
5273,0.12752896173051,0.31825,0,0
5274,0.12750898839201,0.3185,0,0
5275,0.12748901505351,0.31875,0,0
5276,0.12746904171502,0.319,0,0
5277,0.12744906837652,0.31925,0,0
5278,0.12742909503802,0.3195,0,0
5279,0.12740912169953,0.31975,0,0
5280,0.12738914836103,0.32,0,0
5281,0.12736917502254,0.32025,0,0
5282,0.12734920168404,0.3205,0,0
5283,0.12732922834554,0.32075,0,0
5284,0.12730925500705,0.321,0,0
5285,0.12728928166855,0.32125,0,0
5286,0.12726930833005,0.3215,0,0
5287,0.12724933499156,0.32175,0,0
5288,0.12722936165306,0.322,0,0
5289,0.12720938831456,0.32225,0,0
5290,0.12718941497607,0.3225,0,0
5291,0.12716944163757,0.32275,0,0
5292,0.12714946829908,0.323,0,0
5293,0.12712949496058,0.32325,0,0
5294,0.12710952162208,0.3235,0,0
5295,0.12708954828359,0.32375,0,0
5296,0.12706957494509,0.324,0,0
5297,0.12704960160659,0.32425,0,0
5298,0.1270296282681,0.3245,0,0
5299,0.1270096549296,0.32475,0,0
5300,0.12698968159111,0.325,0,0
5301,0.12696970825261,0.32525,0,0
5302,0.12694973491411,0.3255,0,0
5303,0.12692976157562,0.32575,0,0
5304,0.12690978823712,0.326,0,0
5305,0.12688981489862,0.32625,0,0
5306,0.12686984156013,0.3265,0,0
5307,0.12684986822163,0.32675,0,0
5308,0.12682989488314,0.327,0,0
5309,0.12680992154464,0.32725,0,0
5310,0.12678994820614,0.3275,0,0
5311,0.12676997486765,0.32775,0,0
5312,0.12675000152915,0.328,0,0
5313,0.12673002819065,0.32825,0,0
5314,0.12671005485216,0.3285,0,0
5315,0.12669008151366,0.32875,0,0
5316,0.12667010817516,0.329,0,0
5317,0.12665013483667,0.32925,0,0
5318,0.12663016149817,0.3295,0,0
5319,0.12661018815968,0.32975,0,0
5320,0.12659021482118,0.33,0,0
5321,0.12657024148268,0.33025,0,0
5322,0.12655026814419,0.3305,0,0
5323,0.12653029480569,0.33075,0,0
5324,0.12651032146719,0.331,0,0
5325,0.1264903481287,0.33125,0,0
5326,0.1264703747902,0.3315,0,0
5327,0.12645040145171,0.33175,0,0
5328,0.12643042811321,0.332,0,0
5329,0.12641045477471,0.33225,0,0
5330,0.12639048143622,0.3325,0,0
5331,0.12637050809772,0.33275,0,0
5332,0.12635053475922,0.333,0,0
5333,0.12633056142073,0.33325,0,0
5334,0.12631058808223,0.3335,0,0
5335,0.12629061474373,0.33375,0,0
5336,0.12627064140524,0.334,0,0
5337,0.12625066806674,0.33425,0,0
5338,0.12623069472825,0.3345,0,0
5339,0.12621072138975,0.33475,0,0
5340,0.12619074805125,0.335,0,0
5341,0.12617077471276,0.33525,0,0
5342,0.12615080137426,0.3355,0,0
5343,0.12613082803576,0.33575,0,0
5344,0.12611085469727,0.336,0,0
5345,0.12609088135877,0.33625,0,0
5346,0.12607090802028,0.3365,0,0
5347,0.12605093468178,0.33675,0,0
5348,0.12603096134328,0.337,0,0
5349,0.12601098800479,0.33725,0,0
5350,0.12599101466629,0.3375,0,0
5351,0.12597104132779,0.33775,0,0
5352,0.1259510679893,0.338,0,0
5353,0.1259310946508,0.33825,0,0
5354,0.1259111213123,0.3385,0,0
5355,0.12589114797381,0.33875,0,0
5356,0.12587117463531,0.339,0,0
5357,0.12585120129682,0.33925,0,0
5358,0.12583122795832,0.3395,0,0
5359,0.12581125461982,0.33975,0,0
5360,0.12579128128133,0.34,0,0
5361,0.12577130794283,0.34025,0,0
5362,0.12575133460433,0.3405,0,0
5363,0.12573136126584,0.34075,0,0
5364,0.12571138792734,0.341,0,0
5365,0.12569141458885,0.34125,0,0
5366,0.12567144125035,0.3415,0,0
5367,0.12565146791185,0.34175,0,0
5368,0.12563149457336,0.342,0,0
5369,0.12561152123486,0.34225,0,0
5370,0.12559154789636,0.3425,0,0
5371,0.12557157455787,0.34275,0,0
5372,0.12555160121937,0.343,0,0
5373,0.12553162788088,0.34325,0,0
5374,0.12551165454238,0.3435,0,0
5375,0.12549168120388,0.34375,0,0
5376,0.12547170786539,0.344,0,0
5377,0.12545173452689,0.34425,0,0
5378,0.12543176118839,0.3445,0,0
5379,0.1254117878499,0.34475,0,0
5380,0.1253918145114,0.345,0,0
5381,0.1253718411729,0.34525,0,0
5382,0.12535186783441,0.3455,0,0
5383,0.12533189449591,0.34575,0,0
5384,0.12531192115742,0.346,0,0
5385,0.12529194781892,0.34625,0,0
5386,0.12527197448042,0.3465,0,0
5387,0.12525200114193,0.34675,0,0
5388,0.12523202780343,0.347,0,0
5389,0.12521205446493,0.34725,0,0
5390,0.12519208112644,0.3475,0,0
5391,0.12517210778794,0.34775,0,0
5392,0.12515213444945,0.348,0,0
5393,0.12513216111095,0.34825,0,0
5394,0.12511218777245,0.3485,0,0
5395,0.12509221443396,0.34875,0,0
5396,0.12507224109546,0.349,0,0
5397,0.12505226775696,0.34925,0,0
5398,0.12503229441847,0.3495,0,0
5399,0.12501232107997,0.34975,0,0
5400,0.12499234774147,0.35,0,0
5401,0.12497237440298,0.35025,0,0
5402,0.12495240106448,0.3505,0,0
5403,0.12493242772599,0.35075,0,0
5404,0.12491245438749,0.351,0,0
5405,0.12489248104899,0.35125,0,0
5406,0.1248725077105,0.3515,0,0
5407,0.124852534372,0.35175,0,0
5408,0.1248325610335,0.352,0,0
5409,0.12481258769501,0.35225,0,0
5410,0.12479261435651,0.3525,0,0
5411,0.12477264101802,0.35275,0,0
5412,0.12475266767952,0.353,0,0
5413,0.12473269434102,0.35325,0,0
5414,0.12471272100253,0.3535,0,0
5415,0.12469274766403,0.35375,0,0
5416,0.12467277432553,0.354,0,0
5417,0.12465280098704,0.35425,0,0
5418,0.12463282764854,0.3545,0,0
5419,0.12461285431004,0.35475,0,0
5420,0.12459288097155,0.355,0,0
5421,0.12457290763305,0.35525,0,0
5422,0.12455293429456,0.3555,0,0
5423,0.12453296095606,0.35575,0,0
5424,0.12451298761756,0.356,0,0
5425,0.12449301427907,0.35625,0,0
5426,0.12447304094057,0.3565,0,0
5427,0.12445306760207,0.35675,0,0
5428,0.12443309426358,0.357,0,0
5429,0.12441312092508,0.35725,0,0
5430,0.12439314758659,0.3575,0,0
5431,0.12437317424809,0.35775,0,0
5432,0.12435320090959,0.358,0,0
5433,0.1243332275711,0.35825,0,0
5434,0.1243132542326,0.3585,0,0
5435,0.1242932808941,0.35875,0,0
5436,0.12427330755561,0.359,0,0
5437,0.12425333421711,0.35925,0,0
5438,0.12423336087862,0.3595,0,0
5439,0.12421338754012,0.35975,0,0
5440,0.12419341420162,0.36,0,0
5441,0.12417344086313,0.36025,0,0
5442,0.12415346752463,0.3605,0,0
5443,0.12413349418613,0.36075,0,0
5444,0.12411352084764,0.361,0,0
5445,0.12409354750914,0.36125,0,0
5446,0.12407357417064,0.3615,0,0
5447,0.12405360083215,0.36175,0,0
5448,0.12403362749365,0.362,0,0
5449,0.12401365415516,0.36225,0,0
5450,0.12399368081666,0.3625,0,0
5451,0.12397370747816,0.36275,0,0
5452,0.12395373413967,0.363,0,0
5453,0.12393376080117,0.36325,0,0
5454,0.12391378746267,0.3635,0,0
5455,0.12389381412418,0.36375,0,0
5456,0.12387384078568,0.364,0,0
5457,0.12385386744719,0.36425,0,0
5458,0.12383389410869,0.3645,0,0
5459,0.12381392077019,0.36475,0,0
5460,0.1237939474317,0.365,0,0
5461,0.1237739740932,0.36525,0,0
5462,0.1237540007547,0.3655,0,0
5463,0.12373402741621,0.36575,0,0
5464,0.12371405407771,0.366,0,0
5465,0.12369408073921,0.36625,0,0
5466,0.12367410740072,0.3665,0,0
5467,0.12365413406222,0.36675,0,0
5468,0.12363416072373,0.367,0,0
5469,0.12361418738523,0.36725,0,0
5470,0.12359421404673,0.3675,0,0
5471,0.12357424070824,0.36775,0,0
5472,0.12355426736974,0.368,0,0
5473,0.12353429403124,0.36825,0,0
5474,0.12351432069275,0.3685,0,0
5475,0.12349434735425,0.36875,0,0
5476,0.12347437401576,0.369,0,0
5477,0.12345440067726,0.36925,0,0
5478,0.12343442733876,0.3695,0,0
5479,0.12341445400027,0.36975,0,0
5480,0.12339448066177,0.37,0,0
5481,0.12337450732327,0.37025,0,0
5482,0.12335453398478,0.3705,0,0
5483,0.12333456064628,0.37075,0,0
5484,0.12331458730779,0.371,0,0
5485,0.12329461396929,0.37125,0,0
5486,0.12327464063079,0.3715,0,0
5487,0.1232546672923,0.37175,0,0
5488,0.1232346939538,0.372,0,0
5489,0.1232147206153,0.37225,0,0
5490,0.12319474727681,0.3725,0,0
5491,0.12317477393831,0.37275,0,0
5492,0.12315480059981,0.373,0,0
5493,0.12313482726132,0.37325,0,0
5494,0.12311485392282,0.3735,0,0
5495,0.12309488058433,0.37375,0,0
5496,0.12307490724583,0.374,0,0
5497,0.12305493390733,0.37425,0,0
5498,0.12303496056884,0.3745,0,0
5499,0.12301498723034,0.37475,0,0
5500,0.12299501389184,0.375,0,0
5501,0.12297504055335,0.37525,0,0
5502,0.12295506721485,0.3755,0,0
5503,0.12293509387636,0.37575,0,0
5504,0.12291512053786,0.376,0,0
5505,0.12289514719936,0.37625,0,0
5506,0.12287517386087,0.3765,0,0
5507,0.12285520052237,0.37675,0,0
5508,0.12283522718387,0.377,0,0
5509,0.12281525384538,0.37725,0,0
5510,0.12279528050688,0.3775,0,0
5511,0.12277530716838,0.37775,0,0
5512,0.12275533382989,0.378,0,0
5513,0.12273536049139,0.37825,0,0
5514,0.1227153871529,0.3785,0,0
5515,0.1226954138144,0.37875,0,0
5516,0.1226754404759,0.379,0,0
5517,0.12265546713741,0.37925,0,0
5518,0.12263549379891,0.3795,0,0
5519,0.12261552046041,0.37975,0,0
5520,0.12259554712192,0.38,0,0
5521,0.12257557378342,0.38025,0,0
5522,0.12255560044493,0.3805,0,0
5523,0.12253562710643,0.38075,0,0
5524,0.12251565376793,0.381,0,0
5525,0.12249568042944,0.38125,0,0
5526,0.12247570709094,0.3815,0,0
5527,0.12245573375244,0.38175,0,0
5528,0.12243576041395,0.382,0,0
5529,0.12241578707545,0.38225,0,0
5530,0.12239581373695,0.3825,0,0
5531,0.12237584039846,0.38275,0,0
5532,0.12235586705996,0.383,0,0
5533,0.12233589372147,0.38325,0,0
5534,0.12231592038297,0.3835,0,0
5535,0.12229594704447,0.38375,0,0
5536,0.12227597370598,0.384,0,0
5537,0.12225600036748,0.38425,0,0
5538,0.12223602702898,0.3845,0,0
5539,0.12221605369049,0.38475,0,0
5540,0.12219608035199,0.385,0,0
5541,0.1221761070135,0.38525,0,0
5542,0.122156133675,0.3855,0,0
5543,0.1221361603365,0.38575,0,0
5544,0.12211618699801,0.386,0,0
5545,0.12209621365951,0.38625,0,0
5546,0.12207624032101,0.3865,0,0
5547,0.12205626698252,0.38675,0,0
5548,0.12203629364402,0.387,0,0
5549,0.12201632030553,0.38725,0,0
5550,0.12199634696703,0.3875,0,0
5551,0.12197637362853,0.38775,0,0
5552,0.12195640029004,0.388,0,0
5553,0.12193642695154,0.38825,0,0
5554,0.12191645361304,0.3885,0,0
5555,0.12189648027455,0.38875,0,0
5556,0.12187650693605,0.389,0,0
5557,0.12185653359755,0.38925,0,0
5558,0.12183656025906,0.3895,0,0
5559,0.12181658692056,0.38975,0,0
5560,0.12179661358207,0.39,0,0
5561,0.12177664024357,0.39025,0,0
5562,0.12175666690507,0.3905,0,0
5563,0.12173669356658,0.39075,0,0
5564,0.12171672022808,0.391,0,0
5565,0.12169674688958,0.39125,0,0
5566,0.12167677355109,0.3915,0,0
5567,0.12165680021259,0.39175,0,0
5568,0.1216368268741,0.392,0,0
5569,0.1216168535356,0.39225,0,0
5570,0.1215968801971,0.3925,0,0
5571,0.12157690685861,0.39275,0,0
5572,0.12155693352011,0.393,0,0
5573,0.12153696018161,0.39325,0,0
5574,0.12151698684312,0.3935,0,0
5575,0.12149701350462,0.39375,0,0
5576,0.12147704016612,0.394,0,0
5577,0.12145706682763,0.39425,0,0
5578,0.12143709348913,0.3945,0,0
5579,0.12141712015064,0.39475,0,0
5580,0.12139714681214,0.395,0,0
5581,0.12137717347364,0.39525,0,0
5582,0.12135720013515,0.3955,0,0
5583,0.12133722679665,0.39575,0,0
5584,0.12131725345815,0.396,0,0
5585,0.12129728011966,0.39625,0,0
5586,0.12127730678116,0.3965,0,0
5587,0.12125733344267,0.39675,0,0
5588,0.12123736010417,0.397,0,0
5589,0.12121738676567,0.39725,0,0
5590,0.12119741342718,0.3975,0,0
5591,0.12117744008868,0.39775,0,0
5592,0.12115746675018,0.398,0,0
5593,0.12113749341169,0.39825,0,0
5594,0.12111752007319,0.3985,0,0
5595,0.1210975467347,0.39875,0,0
5596,0.1210775733962,0.399,0,0
5597,0.1210576000577,0.39925,0,0
5598,0.12103762671921,0.3995,0,0
5599,0.12101765338071,0.39975,0,0
5600,0.12099768004221,0.4,0,0
5601,0.12097770670372,0.40025,0,0
5602,0.12095773336522,0.4005,0,0
5603,0.12093776002672,0.40075,0,0
5604,0.12091778668823,0.401,0,0
5605,0.12089781334973,0.40125,0,0
5606,0.12087784001124,0.4015,0,0
5607,0.12085786667274,0.40175,0,0
5608,0.12083789333424,0.402,0,0
5609,0.12081791999575,0.40225,0,0
5610,0.12079794665725,0.4025,0,0
5611,0.12077797331875,0.40275,0,0
5612,0.12075799998026,0.403,0,0
5613,0.12073802664176,0.40325,0,0
5614,0.12071805330327,0.4035,0,0
5615,0.12069807996477,0.40375,0,0
5616,0.12067810662627,0.404,0,0
5617,0.12065813328778,0.40425,0,0
5618,0.12063815994928,0.4045,0,0
5619,0.12061818661078,0.40475,0,0
5620,0.12059821327229,0.405,0,0
5621,0.12057823993379,0.40525,0,0
5622,0.12055826659529,0.4055,0,0
5623,0.1205382932568,0.40575,0,0
5624,0.1205183199183,0.406,0,0
5625,0.12049834657981,0.40625,0,0
5626,0.12047837324131,0.4065,0,0
5627,0.12045839990281,0.40675,0,0
5628,0.12043842656432,0.407,0,0
5629,0.12041845322582,0.40725,0,0
5630,0.12039847988732,0.4075,0,0
5631,0.12037850654883,0.40775,0,0
5632,0.12035853321033,0.408,0,0
5633,0.12033855987184,0.40825,0,0
5634,0.12031858653334,0.4085,0,0
5635,0.12029861319484,0.40875,0,0
5636,0.12027863985635,0.409,0,0
5637,0.12025866651785,0.40925,0,0
5638,0.12023869317935,0.4095,0,0
5639,0.12021871984086,0.40975,0,0
5640,0.12019874650236,0.41,0,0
5641,0.12017877316386,0.41025,0,0
5642,0.12015879982537,0.4105,0,0
5643,0.12013882648687,0.41075,0,0
5644,0.12011885314838,0.411,0,0
5645,0.12009887980988,0.41125,0,0
5646,0.12007890647138,0.4115,0,0
5647,0.12005893313289,0.41175,0,0
5648,0.12003895979439,0.412,0,0
5649,0.12001898645589,0.41225,0,0
5650,0.1199990131174,0.4125,0,0
5651,0.1199790397789,0.41275,0,0
5652,0.11995906644041,0.413,0,0
5653,0.11993909310191,0.41325,0,0
5654,0.11991911976341,0.4135,0,0
5655,0.11989914642492,0.41375,0,0
5656,0.11987917308642,0.414,0,0
5657,0.11985919974792,0.41425,0,0
5658,0.11983922640943,0.4145,0,0
5659,0.11981925307093,0.41475,0,0
5660,0.11979927973244,0.415,0,0
5661,0.11977930639394,0.41525,0,0
5662,0.11975933305544,0.4155,0,0
5663,0.11973935971695,0.41575,0,0
5664,0.11971938637845,0.416,0,0
5665,0.11969941303995,0.41625,0,0
5666,0.11967943970146,0.4165,0,0
5667,0.11965946636296,0.41675,0,0
5668,0.11963949302446,0.417,0,0
5669,0.11961951968597,0.41725,0,0
5670,0.11959954634747,0.4175,0,0
5671,0.11957957300898,0.41775,0,0
5672,0.11955959967048,0.418,0,0
5673,0.11953962633198,0.41825,0,0
5674,0.11951965299349,0.4185,0,0
5675,0.11949967965499,0.41875,0,0
5676,0.11947970631649,0.419,0,0
5677,0.119459732978,0.41925,0,0
5678,0.1194397596395,0.4195,0,0
5679,0.11941978630101,0.41975,0,0
5680,0.11939981296251,0.42,0,0
5681,0.11937983962401,0.42025,0,0
5682,0.11935986628552,0.4205,0,0
5683,0.11933989294702,0.42075,0,0
5684,0.11931991960852,0.421,0,0
5685,0.11929994627003,0.42125,0,0
5686,0.11927997293153,0.4215,0,0
5687,0.11925999959303,0.42175,0,0
5688,0.11924002625454,0.422,0,0
5689,0.11922005291604,0.42225,0,0
5690,0.11920007957755,0.4225,0,0
5691,0.11918010623905,0.42275,0,0
5692,0.11916013290055,0.423,0,0
5693,0.11914015956206,0.42325,0,0
5694,0.11912018622356,0.4235,0,0
5695,0.11910021288506,0.42375,0,0
5696,0.11908023954657,0.424,0,0
5697,0.11906026620807,0.42425,0,0
5698,0.11904029286958,0.4245,0,0
5699,0.11902031953108,0.42475,0,0
5700,0.11900034619258,0.425,0,0
5701,0.11898037285409,0.42525,0,0
5702,0.11896039951559,0.4255,0,0
5703,0.11894042617709,0.42575,0,0
5704,0.1189204528386,0.426,0,0
5705,0.1189004795001,0.42625,0,0
5706,0.11888050616161,0.4265,0,0
5707,0.11886053282311,0.42675,0,0
5708,0.11884055948461,0.427,0,0
5709,0.11882058614612,0.42725,0,0
5710,0.11880061280762,0.4275,0,0
5711,0.11878063946912,0.42775,0,0
5712,0.11876066613063,0.428,0,0
5713,0.11874069279213,0.42825,0,0
5714,0.11872071945363,0.4285,0,0
5715,0.11870074611514,0.42875,0,0
5716,0.11868077277664,0.429,0,0
5717,0.11866079943815,0.42925,0,0
5718,0.11864082609965,0.4295,0,0
5719,0.11862085276115,0.42975,0,0
5720,0.11860087942266,0.43,0,0
5721,0.11858090608416,0.43025,0,0
5722,0.11856093274566,0.4305,0,0
5723,0.11854095940717,0.43075,0,0
5724,0.11852098606867,0.431,0,0
5725,0.11850101273018,0.43125,0,0
5726,0.11848103939168,0.4315,0,0
5727,0.11846106605318,0.43175,0,0
5728,0.11844109271469,0.432,0,0
5729,0.11842111937619,0.43225,0,0
5730,0.11840114603769,0.4325,0,0
5731,0.1183811726992,0.43275,0,0
5732,0.1183611993607,0.433,0,0
5733,0.1183412260222,0.43325,0,0
5734,0.11832125268371,0.4335,0,0
5735,0.11830127934521,0.43375,0,0
5736,0.11828130600672,0.434,0,0
5737,0.11826133266822,0.43425,0,0
5738,0.11824135932972,0.4345,0,0
5739,0.11822138599123,0.43475,0,0
5740,0.11820141265273,0.435,0,0
5741,0.11818143931423,0.43525,0,0
5742,0.11816146597574,0.4355,0,0
5743,0.11814149263724,0.43575,0,0
5744,0.11812151929875,0.436,0,0
5745,0.11810154596025,0.43625,0,0
5746,0.11808157262175,0.4365,0,0
5747,0.11806159928326,0.43675,0,0
5748,0.11804162594476,0.437,0,0
5749,0.11802165260626,0.43725,0,0
5750,0.11800167926777,0.4375,0,0
5751,0.11798170592927,0.43775,0,0
5752,0.11796173259077,0.438,0,0
5753,0.11794175925228,0.43825,0,0
5754,0.11792178591378,0.4385,0,0
5755,0.11790181257529,0.43875,0,0
5756,0.11788183923679,0.439,0,0
5757,0.11786186589829,0.43925,0,0
5758,0.1178418925598,0.4395,0,0
5759,0.1178219192213,0.43975,0,0
5760,0.1178019458828,0.44,0,0
5761,0.11778197254431,0.44025,0,0
5762,0.11776199920581,0.4405,0,0
5763,0.11774202586732,0.44075,0,0
5764,0.11772205252882,0.441,0,0
5765,0.11770207919032,0.44125,0,0
5766,0.11768210585183,0.4415,0,0
5767,0.11766213251333,0.44175,0,0
5768,0.11764215917483,0.442,0,0
5769,0.11762218583634,0.44225,0,0
5770,0.11760221249784,0.4425,0,0
5771,0.11758223915935,0.44275,0,0
5772,0.11756226582085,0.443,0,0
5773,0.11754229248235,0.44325,0,0
5774,0.11752231914386,0.4435,0,0
5775,0.11750234580536,0.44375,0,0
5776,0.11748237246686,0.444,0,0
5777,0.11746239912837,0.44425,0,0
5778,0.11744242578987,0.4445,0,0
5779,0.11742245245137,0.44475,0,0
5780,0.11740247911288,0.445,0,0
5781,0.11738250577438,0.44525,0,0
5782,0.11736253243589,0.4455,0,0
5783,0.11734255909739,0.44575,0,0
5784,0.11732258575889,0.446,0,0
5785,0.1173026124204,0.44625,0,0
5786,0.1172826390819,0.4465,0,0
5787,0.1172626657434,0.44675,0,0
5788,0.11724269240491,0.447,0,0
5789,0.11722271906641,0.44725,0,0
5790,0.11720274572792,0.4475,0,0
5791,0.11718277238942,0.44775,0,0
5792,0.11716279905092,0.448,0,0
5793,0.11714282571243,0.44825,0,0
5794,0.11712285237393,0.4485,0,0
5795,0.11710287903543,0.44875,0,0
5796,0.11708290569694,0.449,0,0
5797,0.11706293235844,0.44925,0,0
5798,0.11704295901994,0.4495,0,0
5799,0.11702298568145,0.44975,0,0
5800,0.11700301234295,0.45,0,0
5801,0.11698303900446,0.45025,0,0
5802,0.11696306566596,0.4505,0,0
5803,0.11694309232746,0.45075,0,0
5804,0.11692311898897,0.451,0,0
5805,0.11690314565047,0.45125,0,0
5806,0.11688317231197,0.4515,0,0
5807,0.11686319897348,0.45175,0,0
5808,0.11684322563498,0.452,0,0
5809,0.11682325229649,0.45225,0,0
5810,0.11680327895799,0.4525,0,0
5811,0.11678330561949,0.45275,0,0
5812,0.116763332281,0.453,0,0
5813,0.1167433589425,0.45325,0,0
5814,0.116723385604,0.4535,0,0
5815,0.11670341226551,0.45375,0,0
5816,0.11668343892701,0.454,0,0
5817,0.11666346558852,0.45425,0,0
5818,0.11664349225002,0.4545,0,0
5819,0.11662351891152,0.45475,0,0
5820,0.11660354557303,0.455,0,0
5821,0.11658357223453,0.45525,0,0
5822,0.11656359889603,0.4555,0,0
5823,0.11654362555754,0.45575,0,0
5824,0.11652365221904,0.456,0,0
5825,0.11650367888054,0.45625,0,0
5826,0.11648370554205,0.4565,0,0
5827,0.11646373220355,0.45675,0,0
5828,0.11644375886506,0.457,0,0
5829,0.11642378552656,0.45725,0,0
5830,0.11640381218806,0.4575,0,0
5831,0.11638383884957,0.45775,0,0
5832,0.11636386551107,0.458,0,0
5833,0.11634389217257,0.45825,0,0
5834,0.11632391883408,0.4585,0,0
5835,0.11630394549558,0.45875,0,0
5836,0.11628397215709,0.459,0,0
5837,0.11626399881859,0.45925,0,0
5838,0.11624402548009,0.4595,0,0
5839,0.1162240521416,0.45975,0,0
5840,0.1162040788031,0.46,0,0
5841,0.1161841054646,0.46025,0,0
5842,0.11616413212611,0.4605,0,0
5843,0.11614415878761,0.46075,0,0
5844,0.11612418544911,0.461,0,0
5845,0.11610421211062,0.46125,0,0
5846,0.11608423877212,0.4615,0,0
5847,0.11606426543363,0.46175,0,0
5848,0.11604429209513,0.462,0,0
5849,0.11602431875663,0.46225,0,0
5850,0.11600434541814,0.4625,0,0
5851,0.11598437207964,0.46275,0,0
5852,0.11596439874114,0.463,0,0
5853,0.11594442540265,0.46325,0,0
5854,0.11592445206415,0.4635,0,0
5855,0.11590447872566,0.46375,0,0
5856,0.11588450538716,0.464,0,0
5857,0.11586453204866,0.46425,0,0
5858,0.11584455871017,0.4645,0,0
5859,0.11582458537167,0.46475,0,0
5860,0.11580461203317,0.465,0,0
5861,0.11578463869468,0.46525,0,0
5862,0.11576466535618,0.4655,0,0
5863,0.11574469201769,0.46575,0,0
5864,0.11572471867919,0.466,0,0
5865,0.11570474534069,0.46625,0,0
5866,0.1156847720022,0.4665,0,0
5867,0.1156647986637,0.46675,0,0
5868,0.1156448253252,0.467,0,0
5869,0.11562485198671,0.46725,0,0
5870,0.11560487864821,0.4675,0,0
5871,0.11558490530971,0.46775,0,0
5872,0.11556493197122,0.468,0,0
5873,0.11554495863272,0.46825,0,0
5874,0.11552498529423,0.4685,0,0
5875,0.11550501195573,0.46875,0,0
5876,0.11548503861723,0.469,0,0
5877,0.11546506527874,0.46925,0,0
5878,0.11544509194024,0.4695,0,0
5879,0.11542511860174,0.46975,0,0
5880,0.11540514526325,0.47,0,0
5881,0.11538517192475,0.47025,0,0
5882,0.11536519858626,0.4705,0,0
5883,0.11534522524776,0.47075,0,0
5884,0.11532525190926,0.471,0,0
5885,0.11530527857077,0.47125,0,0
5886,0.11528530523227,0.4715,0,0
5887,0.11526533189377,0.47175,0,0
5888,0.11524535855528,0.472,0,0
5889,0.11522538521678,0.47225,0,0
5890,0.11520541187828,0.4725,0,0
5891,0.11518543853979,0.47275,0,0
5892,0.11516546520129,0.473,0,0
5893,0.1151454918628,0.47325,0,0
5894,0.1151255185243,0.4735,0,0
5895,0.1151055451858,0.47375,0,0
5896,0.11508557184731,0.474,0,0
5897,0.11506559850881,0.47425,0,0
5898,0.11504562517031,0.4745,0,0
5899,0.11502565183182,0.47475,0,0
5900,0.11500567849332,0.475,0,0
5901,0.11498570515483,0.47525,0,0
5902,0.11496573181633,0.4755,0,0
5903,0.11494575847783,0.47575,0,0
5904,0.11492578513934,0.476,0,0
5905,0.11490581180084,0.47625,0,0
5906,0.11488583846234,0.4765,0,0
5907,0.11486586512385,0.47675,0,0
5908,0.11484589178535,0.477,0,0
5909,0.11482591844685,0.47725,0,0
5910,0.11480594510836,0.4775,0,0
5911,0.11478597176986,0.47775,0,0
5912,0.11476599843137,0.478,0,0
5913,0.11474602509287,0.47825,0,0
5914,0.11472605175437,0.4785,0,0
5915,0.11470607841588,0.47875,0,0
5916,0.11468610507738,0.479,0,0
5917,0.11466613173888,0.47925,0,0
5918,0.11464615840039,0.4795,0,0
5919,0.11462618506189,0.47975,0,0
5920,0.1146062117234,0.48,0,0
5921,0.1145862383849,0.48025,0,0
5922,0.1145662650464,0.4805,0,0
5923,0.11454629170791,0.48075,0,0
5924,0.11452631836941,0.481,0,0
5925,0.11450634503091,0.48125,0,0
5926,0.11448637169242,0.4815,0,0
5927,0.11446639835392,0.48175,0,0
5928,0.11444642501543,0.482,0,0
5929,0.11442645167693,0.48225,0,0
5930,0.11440647833843,0.4825,0,0
5931,0.11438650499994,0.48275,0,0
5932,0.11436653166144,0.483,0,0
5933,0.11434655832294,0.48325,0,0
5934,0.11432658498445,0.4835,0,0
5935,0.11430661164595,0.48375,0,0
5936,0.11428663830745,0.484,0,0
5937,0.11426666496896,0.48425,0,0
5938,0.11424669163046,0.4845,0,0
5939,0.11422671829197,0.48475,0,0
5940,0.11420674495347,0.485,0,0
5941,0.11418677161497,0.48525,0,0
5942,0.11416679827648,0.4855,0,0
5943,0.11414682493798,0.48575,0,0
5944,0.11412685159948,0.486,0,0
5945,0.11410687826099,0.48625,0,0
5946,0.11408690492249,0.4865,0,0
5947,0.114066931584,0.48675,0,0
5948,0.1140469582455,0.487,0,0
5949,0.114026984907,0.48725,0,0
5950,0.11400701156851,0.4875,0,0
5951,0.11398703823001,0.48775,0,0
5952,0.11396706489151,0.488,0,0
5953,0.11394709155302,0.48825,0,0
5954,0.11392711821452,0.4885,0,0
5955,0.11390714487602,0.48875,0,0
5956,0.11388717153753,0.489,0,0
5957,0.11386719819903,0.48925,0,0
5958,0.11384722486054,0.4895,0,0
5959,0.11382725152204,0.48975,0,0
5960,0.11380727818354,0.49,0,0
5961,0.11378730484505,0.49025,0,0
5962,0.11376733150655,0.4905,0,0
5963,0.11374735816805,0.49075,0,0
5964,0.11372738482956,0.491,0,0
5965,0.11370741149106,0.49125,0,0
5966,0.11368743815257,0.4915,0,0
5967,0.11366746481407,0.49175,0,0
5968,0.11364749147557,0.492,0,0
5969,0.11362751813708,0.49225,0,0
5970,0.11360754479858,0.4925,0,0
5971,0.11358757146008,0.49275,0,0
5972,0.11356759812159,0.493,0,0
5973,0.11354762478309,0.49325,0,0
5974,0.1135276514446,0.4935,0,0
5975,0.1135076781061,0.49375,0,0
5976,0.1134877047676,0.494,0,0
5977,0.11346773142911,0.49425,0,0
5978,0.11344775809061,0.4945,0,0
5979,0.11342778475211,0.49475,0,0
5980,0.11340781141362,0.495,0,0
5981,0.11338783807512,0.49525,0,0
5982,0.11336786473662,0.4955,0,0
5983,0.11334789139813,0.49575,0,0
5984,0.11332791805963,0.496,0,0
5985,0.11330794472114,0.49625,0,0
5986,0.11328797138264,0.4965,0,0
5987,0.11326799804414,0.49675,0,0
5988,0.11324802470565,0.497,0,0
5989,0.11322805136715,0.49725,0,0
5990,0.11320807802865,0.4975,0,0
5991,0.11318810469016,0.49775,0,0
5992,0.11316813135166,0.498,0,0
5993,0.11314815801317,0.49825,0,0
5994,0.11312818467467,0.4985,0,0
5995,0.11310821133617,0.49875,0,0
5996,0.11308823799768,0.499,0,0
5997,0.11306826465918,0.49925,0,0
5998,0.11304829132068,0.4995,0,0
5999,0.11302831798219,0.49975,0,0
6000,0.11300834464369,0.5,0,0
6001,0.11298837130519,0.50025,0,0
6002,0.1129683979667,0.5005,0,0
6003,0.1129484246282,0.50075,0,0
6004,0.11292845128971,0.501,0,0
6005,0.11290847795121,0.50125,0,0
6006,0.11288850461271,0.5015,0,0
6007,0.11286853127422,0.50175,0,0
6008,0.11284855793572,0.502,0,0
6009,0.11282858459722,0.50225,0,0
6010,0.11280861125873,0.5025,0,0
6011,0.11278863792023,0.50275,0,0
6012,0.11276866458174,0.503,0,0
6013,0.11274869124324,0.50325,0,0
6014,0.11272871790474,0.5035,0,0
6015,0.11270874456625,0.50375,0,0
6016,0.11268877122775,0.504,0,0
6017,0.11266879788925,0.50425,0,0
6018,0.11264882455076,0.5045,0,0
6019,0.11262885121226,0.50475,0,0
6020,0.11260887787376,0.505,0,0
6021,0.11258890453527,0.50525,0,0
6022,0.11256893119677,0.5055,0,0
6023,0.11254895785828,0.50575,0,0
6024,0.11252898451978,0.506,0,0
6025,0.11250901118128,0.50625,0,0
6026,0.11248903784279,0.5065,0,0
6027,0.11246906450429,0.50675,0,0
6028,0.11244909116579,0.507,0,0
6029,0.1124291178273,0.50725,0,0
6030,0.1124091444888,0.5075,0,0
6031,0.11238917115031,0.50775,0,0
6032,0.11236919781181,0.508,0,0
6033,0.11234922447331,0.50825,0,0
6034,0.11232925113482,0.5085,0,0
6035,0.11230927779632,0.50875,0,0
6036,0.11228930445782,0.509,0,0
6037,0.11226933111933,0.50925,0,0
6038,0.11224935778083,0.5095,0,0
6039,0.11222938444234,0.50975,0,0
6040,0.11220941110384,0.51,0,0
6041,0.11218943776534,0.51025,0,0
6042,0.11216946442685,0.5105,0,0
6043,0.11214949108835,0.51075,0,0
6044,0.11212951774985,0.511,0,0
6045,0.11210954441136,0.51125,0,0
6046,0.11208957107286,0.5115,0,0
6047,0.11206959773436,0.51175,0,0
6048,0.11204962439587,0.512,0,0
6049,0.11202965105737,0.51225,0,0
6050,0.11200967771888,0.5125,0,0
6051,0.11198970438038,0.51275,0,0
6052,0.11196973104188,0.513,0,0
6053,0.11194975770339,0.51325,0,0
6054,0.11192978436489,0.5135,0,0
6055,0.11190981102639,0.51375,0,0
6056,0.1118898376879,0.514,0,0
6057,0.1118698643494,0.51425,0,0
6058,0.11184989101091,0.5145,0,0
6059,0.11182991767241,0.51475,0,0
6060,0.11180994433391,0.515,0,0
6061,0.11178997099542,0.51525,0,0
6062,0.11176999765692,0.5155,0,0
6063,0.11175002431842,0.51575,0,0
6064,0.11173005097993,0.516,0,0
6065,0.11171007764143,0.51625,0,0
6066,0.11169010430293,0.5165,0,0
6067,0.11167013096444,0.51675,0,0
6068,0.11165015762594,0.517,0,0
6069,0.11163018428745,0.51725,0,0
6070,0.11161021094895,0.5175,0,0
6071,0.11159023761045,0.51775,0,0
6072,0.11157026427196,0.518,0,0
6073,0.11155029093346,0.51825,0,0
6074,0.11153031759496,0.5185,0,0
6075,0.11151034425647,0.51875,0,0
6076,0.11149037091797,0.519,0,0
6077,0.11147039757948,0.51925,0,0
6078,0.11145042424098,0.5195,0,0
6079,0.11143045090248,0.51975,0,0
6080,0.11141047756399,0.52,0,0
6081,0.11139050422549,0.52025,0,0
6082,0.11137053088699,0.5205,0,0
6083,0.1113505575485,0.52075,0,0
6084,0.11133058421,0.521,0,0
6085,0.11131061087151,0.52125,0,0
6086,0.11129063753301,0.5215,0,0
6087,0.11127066419451,0.52175,0,0
6088,0.11125069085602,0.522,0,0
6089,0.11123071751752,0.52225,0,0
6090,0.11121074417902,0.5225,0,0
6091,0.11119077084053,0.52275,0,0
6092,0.11117079750203,0.523,0,0
6093,0.11115082416353,0.52325,0,0
6094,0.11113085082504,0.5235,0,0
6095,0.11111087748654,0.52375,0,0
6096,0.11109090414805,0.524,0,0
6097,0.11107093080955,0.52425,0,0
6098,0.11105095747105,0.5245,0,0
6099,0.11103098413256,0.52475,0,0
6100,0.11101101079406,0.525,0,0
6101,0.11099103745556,0.52525,0,0
6102,0.11097106411707,0.5255,0,0
6103,0.11095109077857,0.52575,0,0
6104,0.11093111744008,0.526,0,0
6105,0.11091114410158,0.52625,0,0
6106,0.11089117076308,0.5265,0,0
6107,0.11087119742459,0.52675,0,0
6108,0.11085122408609,0.527,0,0
6109,0.11083125074759,0.52725,0,0
6110,0.1108112774091,0.5275,0,0
6111,0.1107913040706,0.52775,0,0
6112,0.1107713307321,0.528,0,0
6113,0.11075135739361,0.52825,0,0
6114,0.11073138405511,0.5285,0,0
6115,0.11071141071662,0.52875,0,0
6116,0.11069143737812,0.529,0,0
6117,0.11067146403962,0.52925,0,0
6118,0.11065149070113,0.5295,0,0
6119,0.11063151736263,0.52975,0,0
6120,0.11061154402413,0.53,0,0
6121,0.11059157068564,0.53025,0,0
6122,0.11057159734714,0.5305,0,0
6123,0.11055162400865,0.53075,0,0
6124,0.11053165067015,0.531,0,0
6125,0.11051167733165,0.53125,0,0
6126,0.11049170399316,0.5315,0,0
6127,0.11047173065466,0.53175,0,0
6128,0.11045175731616,0.532,0,0
6129,0.11043178397767,0.53225,0,0
6130,0.11041181063917,0.5325,0,0
6131,0.11039183730067,0.53275,0,0
6132,0.11037186396218,0.533,0,0
6133,0.11035189062368,0.53325,0,0
6134,0.11033191728519,0.5335,0,0
6135,0.11031194394669,0.53375,0,0
6136,0.11029197060819,0.534,0,0
6137,0.1102719972697,0.53425,0,0
6138,0.1102520239312,0.5345,0,0
6139,0.1102320505927,0.53475,0,0
6140,0.11021207725421,0.535,0,0
6141,0.11019210391571,0.53525,0,0
6142,0.11017213057722,0.5355,0,0
6143,0.11015215723872,0.53575,0,0
6144,0.11013218390022,0.536,0,0
6145,0.11011221056173,0.53625,0,0
6146,0.11009223722323,0.5365,0,0
6147,0.11007226388473,0.53675,0,0
6148,0.11005229054624,0.537,0,0
6149,0.11003231720774,0.53725,0,0
6150,0.11001234386925,0.5375,0,0
6151,0.10999237053075,0.53775,0,0
6152,0.10997239719225,0.538,0,0
6153,0.10995242385376,0.53825,0,0
6154,0.10993245051526,0.5385,0,0
6155,0.10991247717676,0.53875,0,0
6156,0.10989250383827,0.539,0,0
6157,0.10987253049977,0.53925,0,0
6158,0.10985255716127,0.5395,0,0
6159,0.10983258382278,0.53975,0,0
6160,0.10981261048428,0.54,0,0
6161,0.10979263714579,0.54025,0,0
6162,0.10977266380729,0.5405,0,0
6163,0.10975269046879,0.54075,0,0
6164,0.1097327171303,0.541,0,0
6165,0.1097127437918,0.54125,0,0
6166,0.1096927704533,0.5415,0,0
6167,0.10967279711481,0.54175,0,0
6168,0.10965282377631,0.542,0,0
6169,0.10963285043782,0.54225,0,0
6170,0.10961287709932,0.5425,0,0
6171,0.10959290376082,0.54275,0,0
6172,0.10957293042233,0.543,0,0
6173,0.10955295708383,0.54325,0,0
6174,0.10953298374533,0.5435,0,0
6175,0.10951301040684,0.54375,0,0
6176,0.10949303706834,0.544,0,0
6177,0.10947306372984,0.54425,0,0
6178,0.10945309039135,0.5445,0,0
6179,0.10943311705285,0.54475,0,0
6180,0.10941314371436,0.545,0,0
6181,0.10939317037586,0.54525,0,0
6182,0.10937319703736,0.5455,0,0
6183,0.10935322369887,0.54575,0,0
6184,0.10933325036037,0.546,0,0
6185,0.10931327702187,0.54625,0,0
6186,0.10929330368338,0.5465,0,0
6187,0.10927333034488,0.54675,0,0
6188,0.10925335700639,0.547,0,0
6189,0.10923338366789,0.54725,0,0
6190,0.10921341032939,0.5475,0,0
6191,0.1091934369909,0.54775,0,0
6192,0.1091734636524,0.548,0,0
6193,0.1091534903139,0.54825,0,0
6194,0.10913351697541,0.5485,0,0
6195,0.10911354363691,0.54875,0,0
6196,0.10909357029842,0.549,0,0
6197,0.10907359695992,0.54925,0,0
6198,0.10905362362142,0.5495,0,0
6199,0.10903365028293,0.54975,0,0
6200,0.10901367694443,0.55,0,0
6201,0.10899370360593,0.55025,0,0
6202,0.10897373026744,0.5505,0,0
6203,0.10895375692894,0.55075,0,0
6204,0.10893378359044,0.551,0,0
6205,0.10891381025195,0.55125,0,0
6206,0.10889383691345,0.5515,0,0
6207,0.10887386357496,0.55175,0,0
6208,0.10885389023646,0.552,0,0
6209,0.10883391689796,0.55225,0,0
6210,0.10881394355947,0.5525,0,0
6211,0.10879397022097,0.55275,0,0
6212,0.10877399688247,0.553,0,0
6213,0.10875402354398,0.55325,0,0
6214,0.10873405020548,0.5535,0,0
6215,0.10871407686699,0.55375,0,0
6216,0.10869410352849,0.554,0,0
6217,0.10867413018999,0.55425,0,0
6218,0.1086541568515,0.5545,0,0
6219,0.108634183513,0.55475,0,0
6220,0.1086142101745,0.555,0,0
6221,0.10859423683601,0.55525,0,0
6222,0.10857426349751,0.5555,0,0
6223,0.10855429015901,0.55575,0,0
6224,0.10853431682052,0.556,0,0
6225,0.10851434348202,0.55625,0,0
6226,0.10849437014353,0.5565,0,0
6227,0.10847439680503,0.55675,0,0
6228,0.10845442346653,0.557,0,0
6229,0.10843445012804,0.55725,0,0
6230,0.10841447678954,0.5575,0,0
6231,0.10839450345104,0.55775,0,0
6232,0.10837453011255,0.558,0,0
6233,0.10835455677405,0.55825,0,0
6234,0.10833458343556,0.5585,0,0
6235,0.10831461009706,0.55875,0,0
6236,0.10829463675856,0.559,0,0
6237,0.10827466342007,0.55925,0,0
6238,0.10825469008157,0.5595,0,0
6239,0.10823471674307,0.55975,0,0
6240,0.10821474340458,0.56,0,0
6241,0.10819477006608,0.56025,0,0
6242,0.10817479672758,0.5605,0,0
6243,0.10815482338909,0.56075,0,0
6244,0.10813485005059,0.561,0,0
6245,0.1081148767121,0.56125,0,0
6246,0.1080949033736,0.5615,0,0
6247,0.1080749300351,0.56175,0,0
6248,0.10805495669661,0.562,0,0
6249,0.10803498335811,0.56225,0,0
6250,0.10801501001961,0.5625,0,0
6251,0.10799503668112,0.56275,0,0
6252,0.10797506334262,0.563,0,0
6253,0.10795509000413,0.56325,0,0
6254,0.10793511666563,0.5635,0,0
6255,0.10791514332713,0.56375,0,0
6256,0.10789516998864,0.564,0,0
6257,0.10787519665014,0.56425,0,0
6258,0.10785522331164,0.5645,0,0
6259,0.10783524997315,0.56475,0,0
6260,0.10781527663465,0.565,0,0
6261,0.10779530329616,0.56525,0,0
6262,0.10777532995766,0.5655,0,0
6263,0.10775535661916,0.56575,0,0
6264,0.10773538328067,0.566,0,0
6265,0.10771540994217,0.56625,0,0
6266,0.10769543660367,0.5665,0,0
6267,0.10767546326518,0.56675,0,0
6268,0.10765548992668,0.567,0,0
6269,0.10763551658818,0.56725,0,0
6270,0.10761554324969,0.5675,0,0
6271,0.10759556991119,0.56775,0,0
6272,0.1075755965727,0.568,0,0
6273,0.1075556232342,0.56825,0,0
6274,0.1075356498957,0.5685,0,0
6275,0.10751567655721,0.56875,0,0
6276,0.10749570321871,0.569,0,0
6277,0.10747572988021,0.56925,0,0
6278,0.10745575654172,0.5695,0,0
6279,0.10743578320322,0.56975,0,0
6280,0.10741580986473,0.57,0,0
6281,0.10739583652623,0.57025,0,0
6282,0.10737586318773,0.5705,0,0
6283,0.10735588984924,0.57075,0,0
6284,0.10733591651074,0.571,0,0
6285,0.10731594317224,0.57125,0,0
6286,0.10729596983375,0.5715,0,0
6287,0.10727599649525,0.57175,0,0
6288,0.10725602315675,0.572,0,0
6289,0.10723604981826,0.57225,0,0
6290,0.10721607647976,0.5725,0,0
6291,0.10719610314127,0.57275,0,0
6292,0.10717612980277,0.573,0,0
6293,0.10715615646427,0.57325,0,0
6294,0.10713618312578,0.5735,0,0
6295,0.10711620978728,0.57375,0,0
6296,0.10709623644878,0.574,0,0
6297,0.10707626311029,0.57425,0,0
6298,0.10705628977179,0.5745,0,0
6299,0.1070363164333,0.57475,0,0
6300,0.1070163430948,0.575,0,0
6301,0.1069963697563,0.57525,0,0
6302,0.10697639641781,0.5755,0,0
6303,0.10695642307931,0.57575,0,0
6304,0.10693644974081,0.576,0,0
6305,0.10691647640232,0.57625,0,0
6306,0.10689650306382,0.5765,0,0
6307,0.10687652972533,0.57675,0,0
6308,0.10685655638683,0.577,0,0
6309,0.10683658304833,0.57725,0,0
6310,0.10681660970984,0.5775,0,0
6311,0.10679663637134,0.57775,0,0
6312,0.10677666303284,0.578,0,0
6313,0.10675668969435,0.57825,0,0
6314,0.10673671635585,0.5785,0,0
6315,0.10671674301735,0.57875,0,0
6316,0.10669676967886,0.579,0,0
6317,0.10667679634036,0.57925,0,0
6318,0.10665682300187,0.5795,0,0
6319,0.10663684966337,0.57975,0,0
6320,0.10661687632487,0.58,0,0
6321,0.10659690298638,0.58025,0,0
6322,0.10657692964788,0.5805,0,0
6323,0.10655695630938,0.58075,0,0
6324,0.10653698297089,0.581,0,0
6325,0.10651700963239,0.58125,0,0
6326,0.1064970362939,0.5815,0,0
6327,0.1064770629554,0.58175,0,0
6328,0.1064570896169,0.582,0,0
6329,0.10643711627841,0.58225,0,0
6330,0.10641714293991,0.5825,0,0
6331,0.10639716960141,0.58275,0,0
6332,0.10637719626292,0.583,0,0
6333,0.10635722292442,0.58325,0,0
6334,0.10633724958592,0.5835,0,0
6335,0.10631727624743,0.58375,0,0
6336,0.10629730290893,0.584,0,0
6337,0.10627732957044,0.58425,0,0
6338,0.10625735623194,0.5845,0,0
6339,0.10623738289344,0.58475,0,0
6340,0.10621740955495,0.585,0,0
6341,0.10619743621645,0.58525,0,0
6342,0.10617746287795,0.5855,0,0
6343,0.10615748953946,0.58575,0,0
6344,0.10613751620096,0.586,0,0
6345,0.10611754286247,0.58625,0,0
6346,0.10609756952397,0.5865,0,0
6347,0.10607759618547,0.58675,0,0
6348,0.10605762284698,0.587,0,0
6349,0.10603764950848,0.58725,0,0
6350,0.10601767616998,0.5875,0,0
6351,0.10599770283149,0.58775,0,0
6352,0.10597772949299,0.588,0,0
6353,0.10595775615449,0.58825,0,0
6354,0.105937782816,0.5885,0,0
6355,0.1059178094775,0.58875,0,0
6356,0.10589783613901,0.589,0,0
6357,0.10587786280051,0.58925,0,0
6358,0.10585788946201,0.5895,0,0
6359,0.10583791612352,0.58975,0,0
6360,0.10581794278502,0.59,0,0
6361,0.10579796944652,0.59025,0,0
6362,0.10577799610803,0.5905,0,0
6363,0.10575802276953,0.59075,0,0
6364,0.10573804943104,0.591,0,0
6365,0.10571807609254,0.59125,0,0
6366,0.10569810275404,0.5915,0,0
6367,0.10567812941555,0.59175,0,0
6368,0.10565815607705,0.592,0,0
6369,0.10563818273855,0.59225,0,0
6370,0.10561820940006,0.5925,0,0
6371,0.10559823606156,0.59275,0,0
6372,0.10557826272307,0.593,0,0
6373,0.10555828938457,0.59325,0,0
6374,0.10553831604607,0.5935,0,0
6375,0.10551834270758,0.59375,0,0
6376,0.10549836936908,0.594,0,0
6377,0.10547839603058,0.59425,0,0
6378,0.10545842269209,0.5945,0,0
6379,0.10543844935359,0.59475,0,0
6380,0.10541847601509,0.595,0,0
6381,0.1053985026766,0.59525,0,0
6382,0.1053785293381,0.5955,0,0
6383,0.10535855599961,0.59575,0,0
6384,0.10533858266111,0.596,0,0
6385,0.10531860932261,0.59625,0,0
6386,0.10529863598412,0.5965,0,0
6387,0.10527866264562,0.59675,0,0
6388,0.10525868930712,0.597,0,0
6389,0.10523871596863,0.59725,0,0
6390,0.10521874263013,0.5975,0,0
6391,0.10519876929164,0.59775,0,0
6392,0.10517879595314,0.598,0,0
6393,0.10515882261464,0.59825,0,0
6394,0.10513884927615,0.5985,0,0
6395,0.10511887593765,0.59875,0,0
6396,0.10509890259915,0.599,0,0
6397,0.10507892926066,0.59925,0,0
6398,0.10505895592216,0.5995,0,0
6399,0.10503898258366,0.59975,0,0
6400,0.10501900924517,0.6,0,0
6401,0.10499903590667,0.60025,0,0
6402,0.10497906256818,0.6005,0,0
6403,0.10495908922968,0.60075,0,0
6404,0.10493911589118,0.601,0,0
6405,0.10491914255269,0.60125,0,0
6406,0.10489916921419,0.6015,0,0
6407,0.10487919587569,0.60175,0,0
6408,0.1048592225372,0.602,0,0
6409,0.1048392491987,0.60225,0,0
6410,0.10481927586021,0.6025,0,0
6411,0.10479930252171,0.60275,0,0
6412,0.10477932918321,0.603,0,0
6413,0.10475935584472,0.60325,0,0
6414,0.10473938250622,0.6035,0,0
6415,0.10471940916772,0.60375,0,0
6416,0.10469943582923,0.604,0,0
6417,0.10467946249073,0.60425,0,0
6418,0.10465948915224,0.6045,0,0
6419,0.10463951581374,0.60475,0,0
6420,0.10461954247524,0.605,0,0
6421,0.10459956913675,0.60525,0,0
6422,0.10457959579825,0.6055,0,0
6423,0.10455962245975,0.60575,0,0
6424,0.10453964912126,0.606,0,0
6425,0.10451967578276,0.60625,0,0
6426,0.10449970244426,0.6065,0,0
6427,0.10447972910577,0.60675,0,0
6428,0.10445975576727,0.607,0,0
6429,0.10443978242878,0.60725,0,0
6430,0.10441980909028,0.6075,0,0
6431,0.10439983575178,0.60775,0,0
6432,0.10437986241329,0.608,0,0
6433,0.10435988907479,0.60825,0,0
6434,0.10433991573629,0.6085,0,0
6435,0.1043199423978,0.60875,0,0
6436,0.1042999690593,0.609,0,0
6437,0.10427999572081,0.60925,0,0
6438,0.10426002238231,0.6095,0,0
6439,0.10424004904381,0.60975,0,0
6440,0.10422007570532,0.61,0,0
6441,0.10420010236682,0.61025,0,0
6442,0.10418012902832,0.6105,0,0
6443,0.10416015568983,0.61075,0,0
6444,0.10414018235133,0.611,0,0
6445,0.10412020901283,0.61125,0,0
6446,0.10410023567434,0.6115,0,0
6447,0.10408026233584,0.61175,0,0
6448,0.10406028899735,0.612,0,0
6449,0.10404031565885,0.61225,0,0
6450,0.10402034232035,0.6125,0,0
6451,0.10400036898186,0.61275,0,0
6452,0.10398039564336,0.613,0,0
6453,0.10396042230486,0.61325,0,0
6454,0.10394044896637,0.6135,0,0
6455,0.10392047562787,0.61375,0,0
6456,0.10390050228938,0.614,0,0
6457,0.10388052895088,0.61425,0,0
6458,0.10386055561238,0.6145,0,0
6459,0.10384058227389,0.61475,0,0
6460,0.10382060893539,0.615,0,0
6461,0.10380063559689,0.61525,0,0
6462,0.1037806622584,0.6155,0,0
6463,0.1037606889199,0.61575,0,0
6464,0.1037407155814,0.616,0,0
6465,0.10372074224291,0.61625,0,0
6466,0.10370076890441,0.6165,0,0
6467,0.10368079556592,0.61675,0,0
6468,0.10366082222742,0.617,0,0
6469,0.10364084888892,0.61725,0,0
6470,0.10362087555043,0.6175,0,0
6471,0.10360090221193,0.61775,0,0
6472,0.10358092887343,0.618,0,0
6473,0.10356095553494,0.61825,0,0
6474,0.10354098219644,0.6185,0,0
6475,0.10352100885795,0.61875,0,0
6476,0.10350103551945,0.619,0,0
6477,0.10348106218095,0.61925,0,0
6478,0.10346108884246,0.6195,0,0
6479,0.10344111550396,0.61975,0,0
6480,0.10342114216546,0.62,0,0
6481,0.10340116882697,0.62025,0,0
6482,0.10338119548847,0.6205,0,0
6483,0.10336122214998,0.62075,0,0
6484,0.10334124881148,0.621,0,0
6485,0.10332127547298,0.62125,0,0
6486,0.10330130213449,0.6215,0,0
6487,0.10328132879599,0.62175,0,0
6488,0.10326135545749,0.622,0,0
6489,0.103241382119,0.62225,0,0
6490,0.1032214087805,0.6225,0,0
6491,0.103201435442,0.62275,0,0
6492,0.10318146210351,0.623,0,0
6493,0.10316148876501,0.62325,0,0
6494,0.10314151542652,0.6235,0,0
6495,0.10312154208802,0.62375,0,0
6496,0.10310156874952,0.624,0,0
6497,0.10308159541103,0.62425,0,0
6498,0.10306162207253,0.6245,0,0
6499,0.10304164873403,0.62475,0,0
6500,0.10302167539554,0.625,0,0
6501,0.10300170205704,0.62525,0,0
6502,0.10298172871855,0.6255,0,0
6503,0.10296175538005,0.62575,0,0
6504,0.10294178204155,0.626,0,0
6505,0.10292180870306,0.62625,0,0
6506,0.10290183536456,0.6265,0,0
6507,0.10288186202606,0.62675,0,0
6508,0.10286188868757,0.627,0,0
6509,0.10284191534907,0.62725,0,0
6510,0.10282194201057,0.6275,0,0
6511,0.10280196867208,0.62775,0,0
6512,0.10278199533358,0.628,0,0
6513,0.10276202199509,0.62825,0,0
6514,0.10274204865659,0.6285,0,0
6515,0.10272207531809,0.62875,0,0
6516,0.1027021019796,0.629,0,0
6517,0.1026821286411,0.62925,0,0
6518,0.1026621553026,0.6295,0,0
6519,0.10264218196411,0.62975,0,0
6520,0.10262220862561,0.63,0,0
6521,0.10260223528712,0.63025,0,0
6522,0.10258226194862,0.6305,0,0
6523,0.10256228861012,0.63075,0,0
6524,0.10254231527163,0.631,0,0
6525,0.10252234193313,0.63125,0,0
6526,0.10250236859463,0.6315,0,0
6527,0.10248239525614,0.63175,0,0
6528,0.10246242191764,0.632,0,0
6529,0.10244244857914,0.63225,0,0
6530,0.10242247524065,0.6325,0,0
6531,0.10240250190215,0.63275,0,0
6532,0.10238252856366,0.633,0,0
6533,0.10236255522516,0.63325,0,0
6534,0.10234258188666,0.6335,0,0
6535,0.10232260854817,0.63375,0,0
6536,0.10230263520967,0.634,0,0
6537,0.10228266187117,0.63425,0,0
6538,0.10226268853268,0.6345,0,0
6539,0.10224271519418,0.63475,0,0
6540,0.10222274185569,0.635,0,0
6541,0.10220276851719,0.63525,0,0
6542,0.10218279517869,0.6355,0,0
6543,0.1021628218402,0.63575,0,0
6544,0.1021428485017,0.636,0,0
6545,0.1021228751632,0.63625,0,0
6546,0.10210290182471,0.6365,0,0
6547,0.10208292848621,0.63675,0,0
6548,0.10206295514772,0.637,0,0
6549,0.10204298180922,0.63725,0,0
6550,0.10202300847072,0.6375,0,0
6551,0.10200303513223,0.63775,0,0
6552,0.10198306179373,0.638,0,0
6553,0.10196308845523,0.63825,0,0
6554,0.10194311511674,0.6385,0,0
6555,0.10192314177824,0.63875,0,0
6556,0.10190316843974,0.639,0,0
6557,0.10188319510125,0.63925,0,0
6558,0.10186322176275,0.6395,0,0
6559,0.10184324842426,0.63975,0,0
6560,0.10182327508576,0.64,0,0
6561,0.10180330174726,0.64025,0,0
6562,0.10178332840877,0.6405,0,0
6563,0.10176335507027,0.64075,0,0
6564,0.10174338173177,0.641,0,0
6565,0.10172340839328,0.64125,0,0
6566,0.10170343505478,0.6415,0,0
6567,0.10168346171629,0.64175,0,0
6568,0.10166348837779,0.642,0,0
6569,0.10164351503929,0.64225,0,0
6570,0.1016235417008,0.6425,0,0
6571,0.1016035683623,0.64275,0,0
6572,0.1015835950238,0.643,0,0
6573,0.10156362168531,0.64325,0,0
6574,0.10154364834681,0.6435,0,0
6575,0.10152367500832,0.64375,0,0
6576,0.10150370166982,0.644,0,0
6577,0.10148372833132,0.64425,0,0
6578,0.10146375499283,0.6445,0,0
6579,0.10144378165433,0.64475,0,0
6580,0.10142380831583,0.645,0,0
6581,0.10140383497734,0.64525,0,0
6582,0.10138386163884,0.6455,0,0
6583,0.10136388830034,0.64575,0,0
6584,0.10134391496185,0.646,0,0
6585,0.10132394162335,0.64625,0,0
6586,0.10130396828486,0.6465,0,0
6587,0.10128399494636,0.64675,0,0
6588,0.10126402160786,0.647,0,0
6589,0.10124404826937,0.64725,0,0
6590,0.10122407493087,0.6475,0,0
6591,0.10120410159237,0.64775,0,0
6592,0.10118412825388,0.648,0,0
6593,0.10116415491538,0.64825,0,0
6594,0.10114418157689,0.6485,0,0
6595,0.10112420823839,0.64875,0,0
6596,0.10110423489989,0.649,0,0
6597,0.1010842615614,0.64925,0,0
6598,0.1010642882229,0.6495,0,0
6599,0.1010443148844,0.64975,0,0
6600,0.10102434154591,0.65,0,0
6601,0.10100436820741,0.65025,0,0
6602,0.10098439486891,0.6505,0,0
6603,0.10096442153042,0.65075,0,0
6604,0.10094444819192,0.651,0,0
6605,0.10092447485343,0.65125,0,0
6606,0.10090450151493,0.6515,0,0
6607,0.10088452817643,0.65175,0,0
6608,0.10086455483794,0.652,0,0
6609,0.10084458149944,0.65225,0,0
6610,0.10082460816094,0.6525,0,0
6611,0.10080463482245,0.65275,0,0
6612,0.10078466148395,0.653,0,0
6613,0.10076468814546,0.65325,0,0
6614,0.10074471480696,0.6535,0,0
6615,0.10072474146846,0.65375,0,0
6616,0.10070476812997,0.654,0,0
6617,0.10068479479147,0.65425,0,0
6618,0.10066482145297,0.6545,0,0
6619,0.10064484811448,0.65475,0,0
6620,0.10062487477598,0.655,0,0
6621,0.10060490143748,0.65525,0,0
6622,0.10058492809899,0.6555,0,0
6623,0.10056495476049,0.65575,0,0
6624,0.100544981422,0.656,0,0
6625,0.1005250080835,0.65625,0,0
6626,0.100505034745,0.6565,0,0
6627,0.10048506140651,0.65675,0,0
6628,0.10046508806801,0.657,0,0
6629,0.10044511472951,0.65725,0,0
6630,0.10042514139102,0.6575,0,0
6631,0.10040516805252,0.65775,0,0
6632,0.10038519471403,0.658,0,0
6633,0.10036522137553,0.65825,0,0
6634,0.10034524803703,0.6585,0,0
6635,0.10032527469854,0.65875,0,0
6636,0.10030530136004,0.659,0,0
6637,0.10028532802154,0.65925,0,0
6638,0.10026535468305,0.6595,0,0
6639,0.10024538134455,0.65975,0,0
6640,0.10022540800606,0.66,0,0
6641,0.10020543466756,0.66025,0,0
6642,0.10018546132906,0.6605,0,0
6643,0.10016548799057,0.66075,0,0
6644,0.10014551465207,0.661,0,0
6645,0.10012554131357,0.66125,0,0
6646,0.10010556797508,0.6615,0,0
6647,0.10008559463658,0.66175,0,0
6648,0.10006562129808,0.662,0,0
6649,0.10004564795959,0.66225,0,0
6650,0.10002567462109,0.6625,0,0
6651,0.1000057012826,0.66275,0,0
6652,0.099985727944099,0.663,0,0
6653,0.099965754605603,0.66325,0,0
6654,0.099945781267107,0.6635,0,0
6655,0.09992580792861,0.66375,0,0
6656,0.099905834590114,0.664,0,0
6657,0.099885861251618,0.66425,0,0
6658,0.099865887913122,0.6645,0,0
6659,0.099845914574625,0.66475,0,0
6660,0.099825941236129,0.665,0,0
6661,0.099805967897633,0.66525,0,0
6662,0.099785994559136,0.6655,0,0
6663,0.09976602122064,0.66575,0,0
6664,0.099746047882144,0.666,0,0
6665,0.099726074543647,0.66625,0,0
6666,0.099706101205151,0.6665,0,0
6667,0.099686127866655,0.66675,0,0
6668,0.099666154528159,0.667,0,0
6669,0.099646181189662,0.66725,0,0
6670,0.099626207851166,0.6675,0,0
6671,0.09960623451267,0.66775,0,0
6672,0.099586261174173,0.668,0,0
6673,0.099566287835677,0.66825,0,0
6674,0.099546314497181,0.6685,0,0
6675,0.099526341158684,0.66875,0,0
6676,0.099506367820188,0.669,0,0
6677,0.099486394481692,0.66925,0,0
6678,0.099466421143195,0.6695,0,0
6679,0.099446447804699,0.66975,0,0
6680,0.099426474466203,0.67,0,0
6681,0.099406501127707,0.67025,0,0
6682,0.09938652778921,0.6705,0,0
6683,0.099366554450714,0.67075,0,0
6684,0.099346581112218,0.671,0,0
6685,0.099326607773721,0.67125,0,0
6686,0.099306634435225,0.6715,0,0
6687,0.099286661096729,0.67175,0,0
6688,0.099266687758232,0.672,0,0
6689,0.099246714419736,0.67225,0,0
6690,0.09922674108124,0.6725,0,0
6691,0.099206767742743,0.67275,0,0
6692,0.099186794404247,0.673,0,0
6693,0.099166821065751,0.67325,0,0
6694,0.099146847727255,0.6735,0,0
6695,0.099126874388758,0.67375,0,0
6696,0.099106901050262,0.674,0,0
6697,0.099086927711766,0.67425,0,0
6698,0.099066954373269,0.6745,0,0
6699,0.099046981034773,0.67475,0,0
6700,0.099027007696277,0.675,0,0
6701,0.09900703435778,0.67525,0,0
6702,0.098987061019284,0.6755,0,0
6703,0.098967087680788,0.67575,0,0
6704,0.098947114342292,0.676,0,0
6705,0.098927141003795,0.67625,0,0
6706,0.098907167665299,0.6765,0,0
6707,0.098887194326803,0.67675,0,0
6708,0.098867220988306,0.677,0,0
6709,0.09884724764981,0.67725,0,0
6710,0.098827274311314,0.6775,0,0
6711,0.098807300972817,0.67775,0,0
6712,0.098787327634321,0.678,0,0
6713,0.098767354295825,0.67825,0,0
6714,0.098747380957328,0.6785,0,0
6715,0.098727407618832,0.67875,0,0
6716,0.098707434280336,0.679,0,0
6717,0.09868746094184,0.67925,0,0
6718,0.098667487603343,0.6795,0,0
6719,0.098647514264847,0.67975,0,0
6720,0.098627540926351,0.68,0,0
6721,0.098607567587854,0.68025,0,0
6722,0.098587594249358,0.6805,0,0
6723,0.098567620910862,0.68075,0,0
6724,0.098547647572365,0.681,0,0
6725,0.098527674233869,0.68125,0,0
6726,0.098507700895373,0.6815,0,0
6727,0.098487727556876,0.68175,0,0
6728,0.09846775421838,0.682,0,0
6729,0.098447780879884,0.68225,0,0
6730,0.098427807541388,0.6825,0,0
6731,0.098407834202891,0.68275,0,0
6732,0.098387860864395,0.683,0,0
6733,0.098367887525899,0.68325,0,0
6734,0.098347914187402,0.6835,0,0
6735,0.098327940848906,0.68375,0,0
6736,0.09830796751041,0.684,0,0
6737,0.098287994171913,0.68425,0,0
6738,0.098268020833417,0.6845,0,0
6739,0.098248047494921,0.68475,0,0
6740,0.098228074156425,0.685,0,0
6741,0.098208100817928,0.68525,0,0
6742,0.098188127479432,0.6855,0,0
6743,0.098168154140936,0.68575,0,0
6744,0.098148180802439,0.686,0,0
6745,0.098128207463943,0.68625,0,0
6746,0.098108234125447,0.6865,0,0
6747,0.09808826078695,0.68675,0,0
6748,0.098068287448454,0.687,0,0
6749,0.098048314109958,0.68725,0,0
6750,0.098028340771461,0.6875,0,0
6751,0.098008367432965,0.68775,0,0
6752,0.097988394094469,0.688,0,0
6753,0.097968420755973,0.68825,0,0
6754,0.097948447417476,0.6885,0,0
6755,0.09792847407898,0.68875,0,0
6756,0.097908500740484,0.689,0,0
6757,0.097888527401987,0.68925,0,0
6758,0.097868554063491,0.6895,0,0
6759,0.097848580724995,0.68975,0,0
6760,0.097828607386498,0.69,0,0
6761,0.097808634048002,0.69025,0,0
6762,0.097788660709506,0.6905,0,0
6763,0.097768687371009,0.69075,0,0
6764,0.097748714032513,0.691,0,0
6765,0.097728740694017,0.69125,0,0
6766,0.097708767355521,0.6915,0,0
6767,0.097688794017024,0.69175,0,0
6768,0.097668820678528,0.692,0,0
6769,0.097648847340032,0.69225,0,0
6770,0.097628874001535,0.6925,0,0
6771,0.097608900663039,0.69275,0,0
6772,0.097588927324543,0.693,0,0
6773,0.097568953986046,0.69325,0,0
6774,0.09754898064755,0.6935,0,0
6775,0.097529007309054,0.69375,0,0
6776,0.097509033970557,0.694,0,0
6777,0.097489060632061,0.69425,0,0
6778,0.097469087293565,0.6945,0,0
6779,0.097449113955069,0.69475,0,0
6780,0.097429140616572,0.695,0,0
6781,0.097409167278076,0.69525,0,0
6782,0.09738919393958,0.6955,0,0
6783,0.097369220601083,0.69575,0,0
6784,0.097349247262587,0.696,0,0
6785,0.097329273924091,0.69625,0,0
6786,0.097309300585594,0.6965,0,0
6787,0.097289327247098,0.69675,0,0
6788,0.097269353908602,0.697,0,0
6789,0.097249380570106,0.69725,0,0
6790,0.097229407231609,0.6975,0,0
6791,0.097209433893113,0.69775,0,0
6792,0.097189460554617,0.698,0,0
6793,0.09716948721612,0.69825,0,0
6794,0.097149513877624,0.6985,0,0
6795,0.097129540539128,0.69875,0,0
6796,0.097109567200631,0.699,0,0
6797,0.097089593862135,0.69925,0,0
6798,0.097069620523639,0.6995,0,0
6799,0.097049647185142,0.69975,0,0
6800,0.097029673846646,0.7,0,0
6801,0.09700970050815,0.70025,0,0
6802,0.096989727169654,0.7005,0,0
6803,0.096969753831157,0.70075,0,0
6804,0.096949780492661,0.701,0,0
6805,0.096929807154165,0.70125,0,0
6806,0.096909833815668,0.7015,0,0
6807,0.096889860477172,0.70175,0,0
6808,0.096869887138676,0.702,0,0
6809,0.096849913800179,0.70225,0,0
6810,0.096829940461683,0.7025,0,0
6811,0.096809967123187,0.70275,0,0
6812,0.09678999378469,0.703,0,0
6813,0.096770020446194,0.70325,0,0
6814,0.096750047107698,0.7035,0,0
6815,0.096730073769202,0.70375,0,0
6816,0.096710100430705,0.704,0,0
6817,0.096690127092209,0.70425,0,0
6818,0.096670153753712,0.7045,0,0
6819,0.096650180415216,0.70475,0,0
6820,0.09663020707672,0.705,0,0
6821,0.096610233738224,0.70525,0,0
6822,0.096590260399727,0.7055,0,0
6823,0.096570287061231,0.70575,0,0
6824,0.096550313722735,0.706,0,0
6825,0.096530340384239,0.70625,0,0
6826,0.096510367045742,0.7065,0,0
6827,0.096490393707246,0.70675,0,0
6828,0.09647042036875,0.707,0,0
6829,0.096450447030253,0.70725,0,0
6830,0.096430473691757,0.7075,0,0
6831,0.096410500353261,0.70775,0,0
6832,0.096390527014764,0.708,0,0
6833,0.096370553676268,0.70825,0,0
6834,0.096350580337772,0.7085,0,0
6835,0.096330606999275,0.70875,0,0
6836,0.096310633660779,0.709,0,0
6837,0.096290660322283,0.70925,0,0
6838,0.096270686983787,0.7095,0,0
6839,0.09625071364529,0.70975,0,0
6840,0.096230740306794,0.71,0,0
6841,0.096210766968298,0.71025,0,0
6842,0.096190793629801,0.7105,0,0
6843,0.096170820291305,0.71075,0,0
6844,0.096150846952809,0.711,0,0
6845,0.096130873614312,0.71125,0,0
6846,0.096110900275816,0.7115,0,0
6847,0.09609092693732,0.71175,0,0
6848,0.096070953598823,0.712,0,0
6849,0.096050980260327,0.71225,0,0
6850,0.096031006921831,0.7125,0,0
6851,0.096011033583335,0.71275,0,0
6852,0.095991060244838,0.713,0,0
6853,0.095971086906342,0.71325,0,0
6854,0.095951113567846,0.7135,0,0
6855,0.095931140229349,0.71375,0,0
6856,0.095911166890853,0.714,0,0
6857,0.095891193552357,0.71425,0,0
6858,0.09587122021386,0.7145,0,0
6859,0.095851246875364,0.71475,0,0
6860,0.095831273536868,0.715,0,0
6861,0.095811300198371,0.71525,0,0
6862,0.095791326859875,0.7155,0,0
6863,0.095771353521379,0.71575,0,0
6864,0.095751380182883,0.716,0,0
6865,0.095731406844386,0.71625,0,0
6866,0.09571143350589,0.7165,0,0
6867,0.095691460167394,0.71675,0,0
6868,0.095671486828897,0.717,0,0
6869,0.095651513490401,0.71725,0,0
6870,0.095631540151905,0.7175,0,0
6871,0.095611566813408,0.71775,0,0
6872,0.095591593474912,0.718,0,0
6873,0.095571620136416,0.71825,0,0
6874,0.09555164679792,0.7185,0,0
6875,0.095531673459423,0.71875,0,0
6876,0.095511700120927,0.719,0,0
6877,0.095491726782431,0.71925,0,0
6878,0.095471753443934,0.7195,0,0
6879,0.095451780105438,0.71975,0,0
6880,0.095431806766942,0.72,0,0
6881,0.095411833428445,0.72025,0,0
6882,0.095391860089949,0.7205,0,0
6883,0.095371886751453,0.72075,0,0
6884,0.095351913412956,0.721,0,0
6885,0.09533194007446,0.72125,0,0
6886,0.095311966735964,0.7215,0,0
6887,0.095291993397468,0.72175,0,0
6888,0.095272020058971,0.722,0,0
6889,0.095252046720475,0.72225,0,0
6890,0.095232073381979,0.7225,0,0
6891,0.095212100043482,0.72275,0,0
6892,0.095192126704986,0.723,0,0
6893,0.09517215336649,0.72325,0,0
6894,0.095152180027994,0.7235,0,0
6895,0.095132206689497,0.72375,0,0
6896,0.095112233351001,0.724,0,0
6897,0.095092260012504,0.72425,0,0
6898,0.095072286674008,0.7245,0,0
6899,0.095052313335512,0.72475,0,0
6900,0.095032339997016,0.725,0,0
6901,0.095012366658519,0.72525,0,0
6902,0.094992393320023,0.7255,0,0
6903,0.094972419981526,0.72575,0,0
6904,0.094952446643031,0.726,0,0
6905,0.094932473304534,0.72625,0,0
6906,0.094912499966038,0.7265,0,0
6907,0.094892526627542,0.72675,0,0
6908,0.094872553289045,0.727,0,0
6909,0.094852579950549,0.72725,0,0
6910,0.094832606612052,0.7275,0,0
6911,0.094812633273556,0.72775,0,0
6912,0.09479265993506,0.728,0,0
6913,0.094772686596564,0.72825,0,0
6914,0.094752713258067,0.7285,0,0
6915,0.094732739919571,0.72875,0,0
6916,0.094712766581075,0.729,0,0
6917,0.094692793242578,0.72925,0,0
6918,0.094672819904082,0.7295,0,0
6919,0.094652846565586,0.72975,0,0
6920,0.094632873227089,0.73,0,0
6921,0.094612899888593,0.73025,0,0
6922,0.094592926550097,0.7305,0,0
6923,0.094572953211601,0.73075,0,0
6924,0.094552979873104,0.731,0,0
6925,0.094533006534608,0.73125,0,0
6926,0.094513033196112,0.7315,0,0
6927,0.094493059857615,0.73175,0,0
6928,0.094473086519119,0.732,0,0
6929,0.094453113180623,0.73225,0,0
6930,0.094433139842126,0.7325,0,0
6931,0.09441316650363,0.73275,0,0
6932,0.094393193165134,0.733,0,0
6933,0.094373219826638,0.73325,0,0
6934,0.094353246488141,0.7335,0,0
6935,0.094333273149645,0.73375,0,0
6936,0.094313299811149,0.734,0,0
6937,0.094293326472652,0.73425,0,0
6938,0.094273353134156,0.7345,0,0
6939,0.09425337979566,0.73475,0,0
6940,0.094233406457163,0.735,0,0
6941,0.094213433118667,0.73525,0,0
6942,0.094193459780171,0.7355,0,0
6943,0.094173486441674,0.73575,0,0
6944,0.094153513103178,0.736,0,0
6945,0.094133539764682,0.73625,0,0
6946,0.094113566426186,0.7365,0,0
6947,0.094093593087689,0.73675,0,0
6948,0.094073619749193,0.737,0,0
6949,0.094053646410697,0.73725,0,0
6950,0.0940336730722,0.7375,0,0
6951,0.094013699733704,0.73775,0,0
6952,0.093993726395208,0.738,0,0
6953,0.093973753056711,0.73825,0,0
6954,0.093953779718215,0.7385,0,0
6955,0.093933806379719,0.73875,0,0
6956,0.093913833041222,0.739,0,0
6957,0.093893859702726,0.73925,0,0
6958,0.09387388636423,0.7395,0,0
6959,0.093853913025734,0.73975,0,0
6960,0.093833939687237,0.74,0,0
6961,0.093813966348741,0.74025,0,0
6962,0.093793993010245,0.7405,0,0
6963,0.093774019671748,0.74075,0,0
6964,0.093754046333252,0.741,0,0
6965,0.093734072994756,0.74125,0,0
6966,0.093714099656259,0.7415,0,0
6967,0.093694126317763,0.74175,0,0
6968,0.093674152979267,0.742,0,0
6969,0.09365417964077,0.74225,0,0
6970,0.093634206302274,0.7425,0,0
6971,0.093614232963778,0.74275,0,0
6972,0.093594259625282,0.743,0,0
6973,0.093574286286785,0.74325,0,0
6974,0.093554312948289,0.7435,0,0
6975,0.093534339609793,0.74375,0,0
6976,0.093514366271296,0.744,0,0
6977,0.0934943929328,0.74425,0,0
6978,0.093474419594304,0.7445,0,0
6979,0.093454446255807,0.74475,0,0
6980,0.093434472917311,0.745,0,0
6981,0.093414499578815,0.74525,0,0
6982,0.093394526240319,0.7455,0,0
6983,0.093374552901822,0.74575,0,0
6984,0.093354579563326,0.746,0,0
6985,0.09333460622483,0.74625,0,0
6986,0.093314632886333,0.7465,0,0
6987,0.093294659547837,0.74675,0,0
6988,0.093274686209341,0.747,0,0
6989,0.093254712870845,0.74725,0,0
6990,0.093234739532348,0.7475,0,0
6991,0.093214766193852,0.74775,0,0
6992,0.093194792855355,0.748,0,0
6993,0.093174819516859,0.74825,0,0
6994,0.093154846178363,0.7485,0,0
6995,0.093134872839867,0.74875,0,0
6996,0.09311489950137,0.749,0,0
6997,0.093094926162874,0.74925,0,0
6998,0.093074952824378,0.7495,0,0
6999,0.093054979485881,0.74975,0,0
7000,0.093035006147385,0.75,0,0
7001,0.093015032808889,0.75025,0,0
7002,0.092995059470392,0.7505,0,0
7003,0.092975086131896,0.75075,0,0
7004,0.0929551127934,0.751,0,0
7005,0.092935139454903,0.75125,0,0
7006,0.092915166116407,0.7515,0,0
7007,0.092895192777911,0.75175,0,0
7008,0.092875219439414,0.752,0,0
7009,0.092855246100918,0.75225,0,0
7010,0.092835272762422,0.7525,0,0
7011,0.092815299423926,0.75275,0,0
7012,0.092795326085429,0.753,0,0
7013,0.092775352746933,0.75325,0,0
7014,0.092755379408437,0.7535,0,0
7015,0.09273540606994,0.75375,0,0
7016,0.092715432731444,0.754,0,0
7017,0.092695459392948,0.75425,0,0
7018,0.092675486054452,0.7545,0,0
7019,0.092655512715955,0.75475,0,0
7020,0.092635539377459,0.755,0,0
7021,0.092615566038962,0.75525,0,0
7022,0.092595592700467,0.7555,0,0
7023,0.09257561936197,0.75575,0,0
7024,0.092555646023474,0.756,0,0
7025,0.092535672684977,0.75625,0,0
7026,0.092515699346481,0.7565,0,0
7027,0.092495726007985,0.75675,0,0
7028,0.092475752669488,0.757,0,0
7029,0.092455779330992,0.75725,0,0
7030,0.092435805992496,0.7575,0,0
7031,0.092415832654,0.75775,0,0
7032,0.092395859315503,0.758,0,0
7033,0.092375885977007,0.75825,0,0
7034,0.092355912638511,0.7585,0,0
7035,0.092335939300014,0.75875,0,0
7036,0.092315965961518,0.759,0,0
7037,0.092295992623022,0.75925,0,0
7038,0.092276019284525,0.7595,0,0
7039,0.092256045946029,0.75975,0,0
7040,0.092236072607533,0.76,0,0
7041,0.092216099269036,0.76025,0,0
7042,0.09219612593054,0.7605,0,0
7043,0.092176152592044,0.76075,0,0
7044,0.092156179253548,0.761,0,0
7045,0.092136205915051,0.76125,0,0
7046,0.092116232576555,0.7615,0,0
7047,0.092096259238059,0.76175,0,0
7048,0.092076285899562,0.762,0,0
7049,0.092056312561066,0.76225,0,0
7050,0.09203633922257,0.7625,0,0
7051,0.092016365884073,0.76275,0,0
7052,0.091996392545577,0.763,0,0
7053,0.091976419207081,0.76325,0,0
7054,0.091956445868585,0.7635,0,0
7055,0.091936472530088,0.76375,0,0
7056,0.091916499191592,0.764,0,0
7057,0.091896525853096,0.76425,0,0
7058,0.091876552514599,0.7645,0,0
7059,0.091856579176103,0.76475,0,0
7060,0.091836605837607,0.765,0,0
7061,0.09181663249911,0.76525,0,0
7062,0.091796659160614,0.7655,0,0
7063,0.091776685822118,0.76575,0,0
7064,0.091756712483621,0.766,0,0
7065,0.091736739145125,0.76625,0,0
7066,0.091716765806629,0.7665,0,0
7067,0.091696792468133,0.76675,0,0
7068,0.091676819129636,0.767,0,0
7069,0.09165684579114,0.76725,0,0
7070,0.091636872452644,0.7675,0,0
7071,0.091616899114147,0.76775,0,0
7072,0.091596925775651,0.768,0,0
7073,0.091576952437155,0.76825,0,0
7074,0.091556979098658,0.7685,0,0
7075,0.091537005760162,0.76875,0,0
7076,0.091517032421666,0.769,0,0
7077,0.091497059083169,0.76925,0,0
7078,0.091477085744673,0.7695,0,0
7079,0.091457112406177,0.76975,0,0
7080,0.091437139067681,0.77,0,0
7081,0.091417165729184,0.77025,0,0
7082,0.091397192390688,0.7705,0,0
7083,0.091377219052192,0.77075,0,0
7084,0.091357245713695,0.771,0,0
7085,0.091337272375199,0.77125,0,0
7086,0.091317299036703,0.7715,0,0
7087,0.091297325698206,0.77175,0,0
7088,0.09127735235971,0.772,0,0
7089,0.091257379021214,0.77225,0,0
7090,0.091237405682718,0.7725,0,0
7091,0.091217432344221,0.77275,0,0
7092,0.091197459005725,0.773,0,0
7093,0.091177485667229,0.77325,0,0
7094,0.091157512328732,0.7735,0,0
7095,0.091137538990236,0.77375,0,0
7096,0.09111756565174,0.774,0,0
7097,0.091097592313243,0.77425,0,0
7098,0.091077618974747,0.7745,0,0
7099,0.091057645636251,0.77475,0,0
7100,0.091037672297754,0.775,0,0
7101,0.091017698959258,0.77525,0,0
7102,0.090997725620762,0.7755,0,0
7103,0.090977752282266,0.77575,0,0
7104,0.090957778943769,0.776,0,0
7105,0.090937805605273,0.77625,0,0
7106,0.090917832266777,0.7765,0,0
7107,0.09089785892828,0.77675,0,0
7108,0.090877885589784,0.777,0,0
7109,0.090857912251288,0.77725,0,0
7110,0.090837938912791,0.7775,0,0
7111,0.090817965574295,0.77775,0,0
7112,0.090797992235799,0.778,0,0
7113,0.090778018897302,0.77825,0,0
7114,0.090758045558806,0.7785,0,0
7115,0.09073807222031,0.77875,0,0
7116,0.090718098881813,0.779,0,0
7117,0.090698125543317,0.77925,0,0
7118,0.090678152204821,0.7795,0,0
7119,0.090658178866325,0.77975,0,0
7120,0.090638205527828,0.78,0,0
7121,0.090618232189332,0.78025,0,0
7122,0.090598258850836,0.7805,0,0
7123,0.090578285512339,0.78075,0,0
7124,0.090558312173843,0.781,0,0
7125,0.090538338835347,0.78125,0,0
7126,0.09051836549685,0.7815,0,0
7127,0.090498392158354,0.78175,0,0
7128,0.090478418819858,0.782,0,0
7129,0.090458445481362,0.78225,0,0
7130,0.090438472142865,0.7825,0,0
7131,0.090418498804369,0.78275,0,0
7132,0.090398525465873,0.783,0,0
7133,0.090378552127376,0.78325,0,0
7134,0.09035857878888,0.7835,0,0
7135,0.090338605450384,0.78375,0,0
7136,0.090318632111887,0.784,0,0
7137,0.090298658773391,0.78425,0,0
7138,0.090278685434895,0.7845,0,0
7139,0.090258712096399,0.78475,0,0
7140,0.090238738757902,0.785,0,0
7141,0.090218765419406,0.78525,0,0
7142,0.09019879208091,0.7855,0,0
7143,0.090178818742413,0.78575,0,0
7144,0.090158845403917,0.786,0,0
7145,0.090138872065421,0.78625,0,0
7146,0.090118898726924,0.7865,0,0
7147,0.090098925388428,0.78675,0,0
7148,0.090078952049932,0.787,0,0
7149,0.090058978711435,0.78725,0,0
7150,0.090039005372939,0.7875,0,0
7151,0.090019032034443,0.78775,0,0
7152,0.089999058695947,0.788,0,0
7153,0.08997908535745,0.78825,0,0
7154,0.089959112018954,0.7885,0,0
7155,0.089939138680458,0.78875,0,0
7156,0.089919165341961,0.789,0,0
7157,0.089899192003465,0.78925,0,0
7158,0.089879218664969,0.7895,0,0
7159,0.089859245326472,0.78975,0,0
7160,0.089839271987976,0.79,0,0
7161,0.08981929864948,0.79025,0,0
7162,0.089799325310983,0.7905,0,0
7163,0.089779351972487,0.79075,0,0
7164,0.089759378633991,0.791,0,0
7165,0.089739405295495,0.79125,0,0
7166,0.089719431956998,0.7915,0,0
7167,0.089699458618502,0.79175,0,0
7168,0.089679485280006,0.792,0,0
7169,0.089659511941509,0.79225,0,0
7170,0.089639538603013,0.7925,0,0
7171,0.089619565264517,0.79275,0,0
7172,0.08959959192602,0.793,0,0
7173,0.089579618587524,0.79325,0,0
7174,0.089559645249028,0.7935,0,0
7175,0.089539671910531,0.79375,0,0
7176,0.089519698572035,0.794,0,0
7177,0.089499725233539,0.79425,0,0
7178,0.089479751895043,0.7945,0,0
7179,0.089459778556546,0.79475,0,0
7180,0.08943980521805,0.795,0,0
7181,0.089419831879554,0.79525,0,0
7182,0.089399858541057,0.7955,0,0
7183,0.089379885202561,0.79575,0,0
7184,0.089359911864065,0.796,0,0
7185,0.089339938525568,0.79625,0,0
7186,0.089319965187072,0.7965,0,0
7187,0.089299991848576,0.79675,0,0
7188,0.089280018510079,0.797,0,0
7189,0.089260045171583,0.79725,0,0
7190,0.089240071833087,0.7975,0,0
7191,0.089220098494591,0.79775,0,0
7192,0.089200125156094,0.798,0,0
7193,0.089180151817598,0.79825,0,0
7194,0.089160178479102,0.7985,0,0
7195,0.089140205140605,0.79875,0,0
7196,0.089120231802109,0.799,0,0
7197,0.089100258463613,0.79925,0,0
7198,0.089080285125116,0.7995,0,0
7199,0.08906031178662,0.79975,0,0
7200,0.089040338448124,0.8,0,0
7201,0.089020365109628,0.80025,0,0
7202,0.089000391771131,0.8005,0,0
7203,0.088980418432635,0.80075,0,0
7204,0.088960445094139,0.801,0,0
7205,0.088940471755642,0.80125,0,0
7206,0.088920498417146,0.8015,0,0
7207,0.08890052507865,0.80175,0,0
7208,0.088880551740153,0.802,0,0
7209,0.088860578401657,0.80225,0,0
7210,0.088840605063161,0.8025,0,0
7211,0.088820631724664,0.80275,0,0
7212,0.088800658386168,0.803,0,0
7213,0.088780685047672,0.80325,0,0
7214,0.088760711709176,0.8035,0,0
7215,0.088740738370679,0.80375,0,0
7216,0.088720765032183,0.804,0,0
7217,0.088700791693687,0.80425,0,0
7218,0.08868081835519,0.8045,0,0
7219,0.088660845016694,0.80475,0,0
7220,0.088640871678198,0.805,0,0
7221,0.088620898339701,0.80525,0,0
7222,0.088600925001205,0.8055,0,0
7223,0.088580951662709,0.80575,0,0
7224,0.088560978324212,0.806,0,0
7225,0.088541004985716,0.80625,0,0
7226,0.08852103164722,0.8065,0,0
7227,0.088501058308724,0.80675,0,0
7228,0.088481084970227,0.807,0,0
7229,0.088461111631731,0.80725,0,0
7230,0.088441138293235,0.8075,0,0
7231,0.088421164954738,0.80775,0,0
7232,0.088401191616242,0.808,0,0
7233,0.088381218277746,0.80825,0,0
7234,0.088361244939249,0.8085,0,0
7235,0.088341271600753,0.80875,0,0
7236,0.088321298262257,0.809,0,0
7237,0.08830132492376,0.80925,0,0
7238,0.088281351585264,0.8095,0,0
7239,0.088261378246768,0.80975,0,0
7240,0.088241404908272,0.81,0,0
7241,0.088221431569775,0.81025,0,0
7242,0.088201458231279,0.8105,0,0
7243,0.088181484892783,0.81075,0,0
7244,0.088161511554286,0.811,0,0
7245,0.08814153821579,0.81125,0,0
7246,0.088121564877294,0.8115,0,0
7247,0.088101591538797,0.81175,0,0
7248,0.088081618200301,0.812,0,0
7249,0.088061644861805,0.81225,0,0
7250,0.088041671523309,0.8125,0,0
7251,0.088021698184812,0.81275,0,0
7252,0.088001724846316,0.813,0,0
7253,0.08798175150782,0.81325,0,0
7254,0.087961778169323,0.8135,0,0
7255,0.087941804830827,0.81375,0,0
7256,0.087921831492331,0.814,0,0
7257,0.087901858153834,0.81425,0,0
7258,0.087881884815338,0.8145,0,0
7259,0.087861911476842,0.81475,0,0
7260,0.087841938138345,0.815,0,0
7261,0.087821964799849,0.81525,0,0
7262,0.087801991461353,0.8155,0,0
7263,0.087782018122857,0.81575,0,0
7264,0.08776204478436,0.816,0,0
7265,0.087742071445864,0.81625,0,0
7266,0.087722098107368,0.8165,0,0
7267,0.087702124768871,0.81675,0,0
7268,0.087682151430375,0.817,0,0
7269,0.087662178091879,0.81725,0,0
7270,0.087642204753382,0.8175,0,0
7271,0.087622231414886,0.81775,0,0
7272,0.08760225807639,0.818,0,0
7273,0.087582284737893,0.81825,0,0
7274,0.087562311399397,0.8185,0,0
7275,0.087542338060901,0.81875,0,0
7276,0.087522364722405,0.819,0,0
7277,0.087502391383908,0.81925,0,0
7278,0.087482418045412,0.8195,0,0
7279,0.087462444706916,0.81975,0,0
7280,0.087442471368419,0.82,0,0
7281,0.087422498029923,0.82025,0,0
7282,0.087402524691427,0.8205,0,0
7283,0.08738255135293,0.82075,0,0
7284,0.087362578014434,0.821,0,0
7285,0.087342604675938,0.82125,0,0
7286,0.087322631337441,0.8215,0,0
7287,0.087302657998945,0.82175,0,0
7288,0.087282684660449,0.822,0,0
7289,0.087262711321953,0.82225,0,0
7290,0.087242737983456,0.8225,0,0
7291,0.08722276464496,0.82275,0,0
7292,0.087202791306464,0.823,0,0
7293,0.087182817967967,0.82325,0,0
7294,0.087162844629471,0.8235,0,0
7295,0.087142871290975,0.82375,0,0
7296,0.087122897952478,0.824,0,0
7297,0.087102924613982,0.82425,0,0
7298,0.087082951275486,0.8245,0,0
7299,0.087062977936989,0.82475,0,0
7300,0.087043004598493,0.825,0,0
7301,0.087023031259997,0.82525,0,0
7302,0.087003057921501,0.8255,0,0
7303,0.086983084583004,0.82575,0,0
7304,0.086963111244508,0.826,0,0
7305,0.086943137906012,0.82625,0,0
7306,0.086923164567515,0.8265,0,0
7307,0.086903191229019,0.82675,0,0
7308,0.086883217890523,0.827,0,0
7309,0.086863244552026,0.82725,0,0
7310,0.08684327121353,0.8275,0,0
7311,0.086823297875034,0.82775,0,0
7312,0.086803324536538,0.828,0,0
7313,0.086783351198041,0.82825,0,0
7314,0.086763377859545,0.8285,0,0
7315,0.086743404521049,0.82875,0,0
7316,0.086723431182552,0.829,0,0
7317,0.086703457844056,0.82925,0,0
7318,0.08668348450556,0.8295,0,0
7319,0.086663511167063,0.82975,0,0
7320,0.086643537828567,0.83,0,0
7321,0.086623564490071,0.83025,0,0
7322,0.086603591151574,0.8305,0,0
7323,0.086583617813078,0.83075,0,0
7324,0.086563644474582,0.831,0,0
7325,0.086543671136086,0.83125,0,0
7326,0.086523697797589,0.8315,0,0
7327,0.086503724459093,0.83175,0,0
7328,0.086483751120597,0.832,0,0
7329,0.0864637777821,0.83225,0,0
7330,0.086443804443604,0.8325,0,0
7331,0.086423831105108,0.83275,0,0
7332,0.086403857766611,0.833,0,0
7333,0.086383884428115,0.83325,0,0
7334,0.086363911089619,0.8335,0,0
7335,0.086343937751123,0.83375,0,0
7336,0.086323964412626,0.834,0,0
7337,0.08630399107413,0.83425,0,0
7338,0.086284017735634,0.8345,0,0
7339,0.086264044397137,0.83475,0,0
7340,0.086244071058641,0.835,0,0
7341,0.086224097720145,0.83525,0,0
7342,0.086204124381648,0.8355,0,0
7343,0.086184151043152,0.83575,0,0
7344,0.086164177704656,0.836,0,0
7345,0.086144204366159,0.83625,0,0
7346,0.086124231027663,0.8365,0,0
7347,0.086104257689167,0.83675,0,0
7348,0.08608428435067,0.837,0,0
7349,0.086064311012174,0.83725,0,0
7350,0.086044337673678,0.8375,0,0
7351,0.086024364335181,0.83775,0,0
7352,0.086004390996685,0.838,0,0
7353,0.085984417658189,0.83825,0,0
7354,0.085964444319693,0.8385,0,0
7355,0.085944470981196,0.83875,0,0
7356,0.0859244976427,0.839,0,0
7357,0.085904524304204,0.83925,0,0
7358,0.085884550965707,0.8395,0,0
7359,0.085864577627211,0.83975,0,0
7360,0.085844604288715,0.84,0,0
7361,0.085824630950219,0.84025,0,0
7362,0.085804657611722,0.8405,0,0
7363,0.085784684273226,0.84075,0,0
7364,0.08576471093473,0.841,0,0
7365,0.085744737596233,0.84125,0,0
7366,0.085724764257737,0.8415,0,0
7367,0.08570479091924,0.84175,0,0
7368,0.085684817580744,0.842,0,0
7369,0.085664844242248,0.84225,0,0
7370,0.085644870903752,0.8425,0,0
7371,0.085624897565255,0.84275,0,0
7372,0.085604924226759,0.843,0,0
7373,0.085584950888263,0.84325,0,0
7374,0.085564977549767,0.8435,0,0
7375,0.08554500421127,0.84375,0,0
7376,0.085525030872774,0.844,0,0
7377,0.085505057534278,0.84425,0,0
7378,0.085485084195781,0.8445,0,0
7379,0.085465110857285,0.84475,0,0
7380,0.085445137518789,0.845,0,0
7381,0.085425164180292,0.84525,0,0
7382,0.085405190841796,0.8455,0,0
7383,0.0853852175033,0.84575,0,0
7384,0.085365244164803,0.846,0,0
7385,0.085345270826307,0.84625,0,0
7386,0.085325297487811,0.8465,0,0
7387,0.085305324149315,0.84675,0,0
7388,0.085285350810818,0.847,0,0
7389,0.085265377472322,0.84725,0,0
7390,0.085245404133826,0.8475,0,0
7391,0.085225430795329,0.84775,0,0
7392,0.085205457456833,0.848,0,0
7393,0.085185484118337,0.84825,0,0
7394,0.08516551077984,0.8485,0,0
7395,0.085145537441344,0.84875,0,0
7396,0.085125564102848,0.849,0,0
7397,0.085105590764352,0.84925,0,0
7398,0.085085617425855,0.8495,0,0
7399,0.085065644087359,0.84975,0,0
7400,0.085045670748863,0.85,0,0
7401,0.085025697410366,0.85025,0,0
7402,0.08500572407187,0.8505,0,0
7403,0.084985750733374,0.85075,0,0
7404,0.084965777394877,0.851,0,0
7405,0.084945804056381,0.85125,0,0
7406,0.084925830717885,0.8515,0,0
7407,0.084905857379388,0.85175,0,0
7408,0.084885884040892,0.852,0,0
7409,0.084865910702396,0.85225,0,0
7410,0.0848459373639,0.8525,0,0
7411,0.084825964025403,0.85275,0,0
7412,0.084805990686907,0.853,0,0
7413,0.084786017348411,0.85325,0,0
7414,0.084766044009914,0.8535,0,0
7415,0.084746070671418,0.85375,0,0
7416,0.084726097332922,0.854,0,0
7417,0.084706123994425,0.85425,0,0
7418,0.084686150655929,0.8545,0,0
7419,0.084666177317433,0.85475,0,0
7420,0.084646203978936,0.855,0,0
7421,0.08462623064044,0.85525,0,0
7422,0.084606257301944,0.8555,0,0
7423,0.084586283963448,0.85575,0,0
7424,0.084566310624951,0.856,0,0
7425,0.084546337286455,0.85625,0,0
7426,0.084526363947959,0.8565,0,0
7427,0.084506390609462,0.85675,0,0
7428,0.084486417270966,0.857,0,0
7429,0.08446644393247,0.85725,0,0
7430,0.084446470593973,0.8575,0,0
7431,0.084426497255477,0.85775,0,0
7432,0.084406523916981,0.858,0,0
7433,0.084386550578484,0.85825,0,0
7434,0.084366577239988,0.8585,0,0
7435,0.084346603901492,0.85875,0,0
7436,0.084326630562996,0.859,0,0
7437,0.084306657224499,0.85925,0,0
7438,0.084286683886003,0.8595,0,0
7439,0.084266710547507,0.85975,0,0
7440,0.08424673720901,0.86,0,0
7441,0.084226763870514,0.86025,0,0
7442,0.084206790532018,0.8605,0,0
7443,0.084186817193521,0.86075,0,0
7444,0.084166843855025,0.861,0,0
7445,0.084146870516529,0.86125,0,0
7446,0.084126897178032,0.8615,0,0
7447,0.084106923839536,0.86175,0,0
7448,0.08408695050104,0.862,0,0
7449,0.084066977162544,0.86225,0,0
7450,0.084047003824047,0.8625,0,0
7451,0.084027030485551,0.86275,0,0
7452,0.084007057147055,0.863,0,0
7453,0.083987083808558,0.86325,0,0
7454,0.083967110470062,0.8635,0,0
7455,0.083947137131566,0.86375,0,0
7456,0.083927163793069,0.864,0,0
7457,0.083907190454573,0.86425,0,0
7458,0.083887217116077,0.8645,0,0
7459,0.08386724377758,0.86475,0,0
7460,0.083847270439084,0.865,0,0
7461,0.083827297100588,0.86525,0,0
7462,0.083807323762092,0.8655,0,0
7463,0.083787350423595,0.86575,0,0
7464,0.083767377085099,0.866,0,0
7465,0.083747403746603,0.86625,0,0
7466,0.083727430408106,0.8665,0,0
7467,0.08370745706961,0.86675,0,0
7468,0.083687483731114,0.867,0,0
7469,0.083667510392617,0.86725,0,0
7470,0.083647537054121,0.8675,0,0
7471,0.083627563715625,0.86775,0,0
7472,0.083607590377128,0.868,0,0
7473,0.083587617038632,0.86825,0,0
7474,0.083567643700136,0.8685,0,0
7475,0.08354767036164,0.86875,0,0
7476,0.083527697023143,0.869,0,0
7477,0.083507723684647,0.86925,0,0
7478,0.083487750346151,0.8695,0,0
7479,0.083467777007654,0.86975,0,0
7480,0.083447803669158,0.87,0,0
7481,0.083427830330662,0.87025,0,0
7482,0.083407856992165,0.8705,0,0
7483,0.083387883653669,0.87075,0,0
7484,0.083367910315173,0.871,0,0
7485,0.083347936976677,0.87125,0,0
7486,0.08332796363818,0.8715,0,0
7487,0.083307990299684,0.87175,0,0
7488,0.083288016961188,0.872,0,0
7489,0.083268043622691,0.87225,0,0
7490,0.083248070284195,0.8725,0,0
7491,0.083228096945699,0.87275,0,0
7492,0.083208123607202,0.873,0,0
7493,0.083188150268706,0.87325,0,0
7494,0.08316817693021,0.8735,0,0
7495,0.083148203591713,0.87375,0,0
7496,0.083128230253217,0.874,0,0
7497,0.083108256914721,0.87425,0,0
7498,0.083088283576225,0.8745,0,0
7499,0.083068310237728,0.87475,0,0
7500,0.083048336899232,0.875,0,0
7501,0.083028363560736,0.87525,0,0
7502,0.083008390222239,0.8755,0,0
7503,0.082988416883743,0.87575,0,0
7504,0.082968443545247,0.876,0,0
7505,0.08294847020675,0.87625,0,0
7506,0.082928496868254,0.8765,0,0
7507,0.082908523529758,0.87675,0,0
7508,0.082888550191261,0.877,0,0
7509,0.082868576852765,0.87725,0,0
7510,0.082848603514269,0.8775,0,0
7511,0.082828630175773,0.87775,0,0
7512,0.082808656837276,0.878,0,0
7513,0.08278868349878,0.87825,0,0
7514,0.082768710160284,0.8785,0,0
7515,0.082748736821787,0.87875,0,0
7516,0.082728763483291,0.879,0,0
7517,0.082708790144795,0.87925,0,0
7518,0.082688816806298,0.8795,0,0
7519,0.082668843467802,0.87975,0,0
7520,0.082648870129306,0.88,0,0
7521,0.082628896790809,0.88025,0,0
7522,0.082608923452313,0.8805,0,0
7523,0.082588950113817,0.88075,0,0
7524,0.082568976775321,0.881,0,0
7525,0.082549003436824,0.88125,0,0
7526,0.082529030098328,0.8815,0,0
7527,0.082509056759832,0.88175,0,0
7528,0.082489083421335,0.882,0,0
7529,0.082469110082839,0.88225,0,0
7530,0.082449136744343,0.8825,0,0
7531,0.082429163405846,0.88275,0,0
7532,0.08240919006735,0.883,0,0
7533,0.082389216728854,0.88325,0,0
7534,0.082369243390358,0.8835,0,0
7535,0.082349270051861,0.88375,0,0
7536,0.082329296713365,0.884,0,0
7537,0.082309323374869,0.88425,0,0
7538,0.082289350036372,0.8845,0,0
7539,0.082269376697876,0.88475,0,0
7540,0.08224940335938,0.885,0,0
7541,0.082229430020883,0.88525,0,0
7542,0.082209456682387,0.8855,0,0
7543,0.082189483343891,0.88575,0,0
7544,0.082169510005394,0.886,0,0
7545,0.082149536666898,0.88625,0,0
7546,0.082129563328402,0.8865,0,0
7547,0.082109589989906,0.88675,0,0
7548,0.082089616651409,0.887,0,0
7549,0.082069643312913,0.88725,0,0
7550,0.082049669974417,0.8875,0,0
7551,0.08202969663592,0.88775,0,0
7552,0.082009723297424,0.888,0,0
7553,0.081989749958927,0.88825,0,0
7554,0.081969776620431,0.8885,0,0
7555,0.081949803281935,0.88875,0,0
7556,0.081929829943439,0.889,0,0
7557,0.081909856604942,0.88925,0,0
7558,0.081889883266446,0.8895,0,0
7559,0.08186990992795,0.88975,0,0
7560,0.081849936589454,0.89,0,0
7561,0.081829963250957,0.89025,0,0
7562,0.081809989912461,0.8905,0,0
7563,0.081790016573965,0.89075,0,0
7564,0.081770043235468,0.891,0,0
7565,0.081750069896972,0.89125,0,0
7566,0.081730096558476,0.8915,0,0
7567,0.081710123219979,0.89175,0,0
7568,0.081690149881483,0.892,0,0
7569,0.081670176542987,0.89225,0,0
7570,0.081650203204491,0.8925,0,0
7571,0.081630229865994,0.89275,0,0
7572,0.081610256527498,0.893,0,0
7573,0.081590283189002,0.89325,0,0
7574,0.081570309850505,0.8935,0,0
7575,0.081550336512009,0.89375,0,0
7576,0.081530363173513,0.894,0,0
7577,0.081510389835016,0.89425,0,0
7578,0.08149041649652,0.8945,0,0
7579,0.081470443158024,0.89475,0,0
7580,0.081450469819527,0.895,0,0
7581,0.081430496481031,0.89525,0,0
7582,0.081410523142535,0.8955,0,0
7583,0.081390549804039,0.89575,0,0
7584,0.081370576465542,0.896,0,0
7585,0.081350603127046,0.89625,0,0
7586,0.08133062978855,0.8965,0,0
7587,0.081310656450053,0.89675,0,0
7588,0.081290683111557,0.897,0,0
7589,0.081270709773061,0.89725,0,0
7590,0.081250736434564,0.8975,0,0
7591,0.081230763096068,0.89775,0,0
7592,0.081210789757572,0.898,0,0
7593,0.081190816419075,0.89825,0,0
7594,0.081170843080579,0.8985,0,0
7595,0.081150869742083,0.89875,0,0
7596,0.081130896403587,0.899,0,0
7597,0.08111092306509,0.89925,0,0
7598,0.081090949726594,0.8995,0,0
7599,0.081070976388098,0.89975,0,0
7600,0.081051003049601,0.9,0,0
7601,0.081031029711105,0.90025,0,0
7602,0.081011056372609,0.9005,0,0
7603,0.080991083034112,0.90075,0,0
7604,0.080971109695616,0.901,0,0
7605,0.08095113635712,0.90125,0,0
7606,0.080931163018624,0.9015,0,0
7607,0.080911189680127,0.90175,0,0
7608,0.080891216341631,0.902,0,0
7609,0.080871243003135,0.90225,0,0
7610,0.080851269664638,0.9025,0,0
7611,0.080831296326142,0.90275,0,0
7612,0.080811322987646,0.903,0,0
7613,0.080791349649149,0.90325,0,0
7614,0.080771376310653,0.9035,0,0
7615,0.080751402972157,0.90375,0,0
7616,0.08073142963366,0.904,0,0
7617,0.080711456295164,0.90425,0,0
7618,0.080691482956668,0.9045,0,0
7619,0.080671509618172,0.90475,0,0
7620,0.080651536279675,0.905,0,0
7621,0.080631562941179,0.90525,0,0
7622,0.080611589602683,0.9055,0,0
7623,0.080591616264186,0.90575,0,0
7624,0.08057164292569,0.906,0,0
7625,0.080551669587194,0.90625,0,0
7626,0.080531696248697,0.9065,0,0
7627,0.080511722910201,0.90675,0,0
7628,0.080491749571705,0.907,0,0
7629,0.080471776233208,0.90725,0,0
7630,0.080451802894712,0.9075,0,0
7631,0.080431829556216,0.90775,0,0
7632,0.080411856217719,0.908,0,0
7633,0.080391882879223,0.90825,0,0
7634,0.080371909540727,0.9085,0,0
7635,0.080351936202231,0.90875,0,0
7636,0.080331962863734,0.909,0,0
7637,0.080311989525238,0.90925,0,0
7638,0.080292016186742,0.9095,0,0
7639,0.080272042848245,0.90975,0,0
7640,0.080252069509749,0.91,0,0
7641,0.080232096171253,0.91025,0,0
7642,0.080212122832756,0.9105,0,0
7643,0.08019214949426,0.91075,0,0
7644,0.080172176155764,0.911,0,0
7645,0.080152202817268,0.91125,0,0
7646,0.080132229478771,0.9115,0,0
7647,0.080112256140275,0.91175,0,0
7648,0.080092282801779,0.912,0,0
7649,0.080072309463282,0.91225,0,0
7650,0.080052336124786,0.9125,0,0
7651,0.08003236278629,0.91275,0,0
7652,0.080012389447793,0.913,0,0
7653,0.079992416109297,0.91325,0,0
7654,0.079972442770801,0.9135,0,0
7655,0.079952469432305,0.91375,0,0
7656,0.079932496093808,0.914,0,0
7657,0.079912522755312,0.91425,0,0
7658,0.079892549416816,0.9145,0,0
7659,0.079872576078319,0.91475,0,0
7660,0.079852602739823,0.915,0,0
7661,0.079832629401327,0.91525,0,0
7662,0.07981265606283,0.9155,0,0
7663,0.079792682724334,0.91575,0,0
7664,0.079772709385838,0.916,0,0
7665,0.079752736047341,0.91625,0,0
7666,0.079732762708845,0.9165,0,0
7667,0.079712789370349,0.91675,0,0
7668,0.079692816031853,0.917,0,0
7669,0.079672842693356,0.91725,0,0
7670,0.07965286935486,0.9175,0,0
7671,0.079632896016364,0.91775,0,0
7672,0.079612922677867,0.918,0,0
7673,0.079592949339371,0.91825,0,0
7674,0.079572976000875,0.9185,0,0
7675,0.079553002662378,0.91875,0,0
7676,0.079533029323882,0.919,0,0
7677,0.079513055985386,0.91925,0,0
7678,0.079493082646889,0.9195,0,0
7679,0.079473109308393,0.91975,0,0
7680,0.079453135969897,0.92,0,0
7681,0.079433162631401,0.92025,0,0
7682,0.079413189292904,0.9205,0,0
7683,0.079393215954408,0.92075,0,0
7684,0.079373242615912,0.921,0,0
7685,0.079353269277415,0.92125,0,0
7686,0.079333295938919,0.9215,0,0
7687,0.079313322600423,0.92175,0,0
7688,0.079293349261926,0.922,0,0
7689,0.07927337592343,0.92225,0,0
7690,0.079253402584934,0.9225,0,0
7691,0.079233429246438,0.92275,0,0
7692,0.079213455907941,0.923,0,0
7693,0.079193482569445,0.92325,0,0
7694,0.079173509230949,0.9235,0,0
7695,0.079153535892452,0.92375,0,0
7696,0.079133562553956,0.924,0,0
7697,0.07911358921546,0.92425,0,0
7698,0.079093615876963,0.9245,0,0
7699,0.079073642538467,0.92475,0,0
7700,0.079053669199971,0.925,0,0
7701,0.079033695861474,0.92525,0,0
7702,0.079013722522978,0.9255,0,0
7703,0.078993749184482,0.92575,0,0
7704,0.078973775845986,0.926,0,0
7705,0.078953802507489,0.92625,0,0
7706,0.078933829168993,0.9265,0,0
7707,0.078913855830497,0.92675,0,0
7708,0.078893882492,0.927,0,0
7709,0.078873909153504,0.92725,0,0
7710,0.078853935815008,0.9275,0,0
7711,0.078833962476511,0.92775,0,0
7712,0.078813989138015,0.928,0,0
7713,0.078794015799519,0.92825,0,0
7714,0.078774042461022,0.9285,0,0
7715,0.078754069122526,0.92875,0,0
7716,0.07873409578403,0.929,0,0
7717,0.078714122445534,0.92925,0,0
7718,0.078694149107037,0.9295,0,0
7719,0.078674175768541,0.92975,0,0
7720,0.078654202430045,0.93,0,0
7721,0.078634229091548,0.93025,0,0
7722,0.078614255753052,0.9305,0,0
7723,0.078594282414556,0.93075,0,0
7724,0.078574309076059,0.931,0,0
7725,0.078554335737563,0.93125,0,0
7726,0.078534362399067,0.9315,0,0
7727,0.07851438906057,0.93175,0,0
7728,0.078494415722074,0.932,0,0
7729,0.078474442383578,0.93225,0,0
7730,0.078454469045082,0.9325,0,0
7731,0.078434495706585,0.93275,0,0
7732,0.078414522368089,0.933,0,0
7733,0.078394549029593,0.93325,0,0
7734,0.078374575691096,0.9335,0,0
7735,0.0783546023526,0.93375,0,0
7736,0.078334629014104,0.934,0,0
7737,0.078314655675607,0.93425,0,0
7738,0.078294682337111,0.9345,0,0
7739,0.078274708998615,0.93475,0,0
7740,0.078254735660119,0.935,0,0
7741,0.078234762321622,0.93525,0,0
7742,0.078214788983126,0.9355,0,0
7743,0.07819481564463,0.93575,0,0
7744,0.078174842306133,0.936,0,0
7745,0.078154868967637,0.93625,0,0
7746,0.078134895629141,0.9365,0,0
7747,0.078114922290644,0.93675,0,0
7748,0.078094948952148,0.937,0,0
7749,0.078074975613652,0.93725,0,0
7750,0.078055002275155,0.9375,0,0
7751,0.078035028936659,0.93775,0,0
7752,0.078015055598163,0.938,0,0
7753,0.077995082259667,0.93825,0,0
7754,0.07797510892117,0.9385,0,0
7755,0.077955135582674,0.93875,0,0
7756,0.077935162244178,0.939,0,0
7757,0.077915188905681,0.93925,0,0
7758,0.077895215567185,0.9395,0,0
7759,0.077875242228689,0.93975,0,0
7760,0.077855268890192,0.94,0,0
7761,0.077835295551696,0.94025,0,0
7762,0.0778153222132,0.9405,0,0
7763,0.077795348874703,0.94075,0,0
7764,0.077775375536207,0.941,0,0
7765,0.077755402197711,0.94125,0,0
7766,0.077735428859215,0.9415,0,0
7767,0.077715455520718,0.94175,0,0
7768,0.077695482182222,0.942,0,0
7769,0.077675508843726,0.94225,0,0
7770,0.077655535505229,0.9425,0,0
7771,0.077635562166733,0.94275,0,0
7772,0.077615588828237,0.943,0,0
7773,0.07759561548974,0.94325,0,0
7774,0.077575642151244,0.9435,0,0
7775,0.077555668812748,0.94375,0,0
7776,0.077535695474252,0.944,0,0
7777,0.077515722135755,0.94425,0,0
7778,0.077495748797259,0.9445,0,0
7779,0.077475775458763,0.94475,0,0
7780,0.077455802120266,0.945,0,0
7781,0.07743582878177,0.94525,0,0
7782,0.077415855443274,0.9455,0,0
7783,0.077395882104777,0.94575,0,0
7784,0.077375908766281,0.946,0,0
7785,0.077355935427785,0.94625,0,0
7786,0.077335962089288,0.9465,0,0
7787,0.077315988750792,0.94675,0,0
7788,0.077296015412296,0.947,0,0
7789,0.0772760420738,0.94725,0,0
7790,0.077256068735303,0.9475,0,0
7791,0.077236095396807,0.94775,0,0
7792,0.077216122058311,0.948,0,0
7793,0.077196148719814,0.94825,0,0
7794,0.077176175381318,0.9485,0,0
7795,0.077156202042822,0.94875,0,0
7796,0.077136228704325,0.949,0,0
7797,0.077116255365829,0.94925,0,0
7798,0.077096282027333,0.9495,0,0
7799,0.077076308688837,0.94975,0,0
7800,0.07705633535034,0.95,0,0
7801,0.077036362011844,0.95025,0,0
7802,0.077016388673348,0.9505,0,0
7803,0.076996415334851,0.95075,0,0
7804,0.076976441996355,0.951,0,0
7805,0.076956468657859,0.95125,0,0
7806,0.076936495319362,0.9515,0,0
7807,0.076916521980866,0.95175,0,0
7808,0.07689654864237,0.952,0,0
7809,0.076876575303873,0.95225,0,0
7810,0.076856601965377,0.9525,0,0
7811,0.076836628626881,0.95275,0,0
7812,0.076816655288385,0.953,0,0
7813,0.076796681949888,0.95325,0,0
7814,0.076776708611392,0.9535,0,0
7815,0.076756735272896,0.95375,0,0
7816,0.076736761934399,0.954,0,0
7817,0.076716788595903,0.95425,0,0
7818,0.076696815257407,0.9545,0,0
7819,0.07667684191891,0.95475,0,0
7820,0.076656868580414,0.955,0,0
7821,0.076636895241918,0.95525,0,0
7822,0.076616921903422,0.9555,0,0
7823,0.076596948564925,0.95575,0,0
7824,0.076576975226429,0.956,0,0
7825,0.076557001887933,0.95625,0,0
7826,0.076537028549436,0.9565,0,0
7827,0.07651705521094,0.95675,0,0
7828,0.076497081872444,0.957,0,0
7829,0.076477108533947,0.95725,0,0
7830,0.076457135195451,0.9575,0,0
7831,0.076437161856955,0.95775,0,0
7832,0.076417188518458,0.958,0,0
7833,0.076397215179962,0.95825,0,0
7834,0.076377241841466,0.9585,0,0
7835,0.07635726850297,0.95875,0,0
7836,0.076337295164473,0.959,0,0
7837,0.076317321825977,0.95925,0,0
7838,0.076297348487481,0.9595,0,0
7839,0.076277375148984,0.95975,0,0
7840,0.076257401810488,0.96,0,0
7841,0.076237428471992,0.96025,0,0
7842,0.076217455133495,0.9605,0,0
7843,0.076197481794999,0.96075,0,0
7844,0.076177508456503,0.961,0,0
7845,0.076157535118006,0.96125,0,0
7846,0.07613756177951,0.9615,0,0
7847,0.076117588441014,0.96175,0,0
7848,0.076097615102518,0.962,0,0
7849,0.076077641764021,0.96225,0,0
7850,0.076057668425525,0.9625,0,0
7851,0.076037695087029,0.96275,0,0
7852,0.076017721748532,0.963,0,0
7853,0.075997748410036,0.96325,0,0
7854,0.07597777507154,0.9635,0,0
7855,0.075957801733043,0.96375,0,0
7856,0.075937828394547,0.964,0,0
7857,0.075917855056051,0.96425,0,0
7858,0.075897881717555,0.9645,0,0
7859,0.075877908379058,0.96475,0,0
7860,0.075857935040562,0.965,0,0
7861,0.075837961702066,0.96525,0,0
7862,0.075817988363569,0.9655,0,0
7863,0.075798015025073,0.96575,0,0
7864,0.075778041686577,0.966,0,0
7865,0.07575806834808,0.96625,0,0
7866,0.075738095009584,0.9665,0,0
7867,0.075718121671088,0.96675,0,0
7868,0.075698148332591,0.967,0,0
7869,0.075678174994095,0.96725,0,0
7870,0.075658201655599,0.9675,0,0
7871,0.075638228317103,0.96775,0,0
7872,0.075618254978606,0.968,0,0
7873,0.07559828164011,0.96825,0,0
7874,0.075578308301614,0.9685,0,0
7875,0.075558334963117,0.96875,0,0
7876,0.075538361624621,0.969,0,0
7877,0.075518388286125,0.96925,0,0
7878,0.075498414947628,0.9695,0,0
7879,0.075478441609132,0.96975,0,0
7880,0.075458468270636,0.97,0,0
7881,0.075438494932139,0.97025,0,0
7882,0.075418521593643,0.9705,0,0
7883,0.075398548255147,0.97075,0,0
7884,0.075378574916651,0.971,0,0
7885,0.075358601578154,0.97125,0,0
7886,0.075338628239658,0.9715,0,0
7887,0.075318654901162,0.97175,0,0
7888,0.075298681562665,0.972,0,0
7889,0.075278708224169,0.97225,0,0
7890,0.075258734885673,0.9725,0,0
7891,0.075238761547176,0.97275,0,0
7892,0.07521878820868,0.973,0,0
7893,0.075198814870184,0.97325,0,0
7894,0.075178841531687,0.9735,0,0
7895,0.075158868193191,0.97375,0,0
7896,0.075138894854695,0.974,0,0
7897,0.075118921516199,0.97425,0,0
7898,0.075098948177702,0.9745,0,0
7899,0.075078974839206,0.97475,0,0
7900,0.07505900150071,0.975,0,0
7901,0.075039028162213,0.97525,0,0
7902,0.075019054823717,0.9755,0,0
7903,0.074999081485221,0.97575,0,0
7904,0.074979108146724,0.976,0,0
7905,0.074959134808228,0.97625,0,0
7906,0.074939161469732,0.9765,0,0
7907,0.074919188131235,0.97675,0,0
7908,0.074899214792739,0.977,0,0
7909,0.074879241454243,0.97725,0,0
7910,0.074859268115747,0.9775,0,0
7911,0.07483929477725,0.97775,0,0
7912,0.074819321438754,0.978,0,0
7913,0.074799348100258,0.97825,0,0
7914,0.074779374761761,0.9785,0,0
7915,0.074759401423265,0.97875,0,0
7916,0.074739428084769,0.979,0,0
7917,0.074719454746272,0.97925,0,0
7918,0.074699481407776,0.9795,0,0
7919,0.07467950806928,0.97975,0,0
7920,0.074659534730784,0.98,0,0
7921,0.074639561392287,0.98025,0,0
7922,0.074619588053791,0.9805,0,0
7923,0.074599614715295,0.98075,0,0
7924,0.074579641376798,0.981,0,0
7925,0.074559668038302,0.98125,0,0
7926,0.074539694699806,0.9815,0,0
7927,0.074519721361309,0.98175,0,0
7928,0.074499748022813,0.982,0,0
7929,0.074479774684317,0.98225,0,0
7930,0.07445980134582,0.9825,0,0
7931,0.074439828007324,0.98275,0,0
7932,0.074419854668828,0.983,0,0
7933,0.074399881330332,0.98325,0,0
7934,0.074379907991835,0.9835,0,0
7935,0.074359934653339,0.98375,0,0
7936,0.074339961314843,0.984,0,0
7937,0.074319987976346,0.98425,0,0
7938,0.07430001463785,0.9845,0,0
7939,0.074280041299354,0.98475,0,0
7940,0.074260067960857,0.985,0,0
7941,0.074240094622361,0.98525,0,0
7942,0.074220121283865,0.9855,0,0
7943,0.074200147945368,0.98575,0,0
7944,0.074180174606872,0.986,0,0
7945,0.074160201268376,0.98625,0,0
7946,0.07414022792988,0.9865,0,0
7947,0.074120254591383,0.98675,0,0
7948,0.074100281252887,0.987,0,0
7949,0.074080307914391,0.98725,0,0
7950,0.074060334575894,0.9875,0,0
7951,0.074040361237398,0.98775,0,0
7952,0.074020387898902,0.988,0,0
7953,0.074000414560405,0.98825,0,0
7954,0.073980441221909,0.9885,0,0
7955,0.073960467883413,0.98875,0,0
7956,0.073940494544917,0.989,0,0
7957,0.07392052120642,0.98925,0,0
7958,0.073900547867924,0.9895,0,0
7959,0.073880574529428,0.98975,0,0
7960,0.073860601190931,0.99,0,0
7961,0.073840627852435,0.99025,0,0
7962,0.073820654513939,0.9905,0,0
7963,0.073800681175442,0.99075,0,0
7964,0.073780707836946,0.991,0,0
7965,0.07376073449845,0.99125,0,0
7966,0.073740761159953,0.9915,0,0
7967,0.073720787821457,0.99175,0,0
7968,0.073700814482961,0.992,0,0
7969,0.073680841144465,0.99225,0,0
7970,0.073660867805968,0.9925,0,0
7971,0.073640894467472,0.99275,0,0
7972,0.073620921128976,0.993,0,0
7973,0.073600947790479,0.99325,0,0
7974,0.073580974451983,0.9935,0,0
7975,0.073561001113487,0.99375,0,0
7976,0.07354102777499,0.994,0,0
7977,0.073521054436494,0.99425,0,0
7978,0.073501081097998,0.9945,0,0
7979,0.073481107759501,0.99475,0,0
7980,0.073461134421006,0.995,0,0
7981,0.073441161082503,0.99525,0,0
7982,0.073421187744042,0.9955,0,0
7983,0.073401214405368,0.99575,0,0
7984,0.073381241067777,0.996,0,0
7985,0.073361267724675,0.99625,0,0
7986,0.073341294409613,0.9965,0,0
7987,0.073321320951861,0.99675,0,0
7988,0.073301348220239,0.997,0,0
7989,0.073281371793445,0.99725,0,0
7990,0.07326141417087,0.9975,0,0
7991,0.073241360856237,0.99775,0,0
7992,0.073221794505271,0.998,0,0
7993,0.073199750065757,0.99825,0,0
7994,0.073190316324662,0.9985,0,0
7995,0.073116709783812,0.99875,0,0
7996,0.073369703203059,0.999,0,0
7997,0.071961541548299,0.99925,0,0
7998,0.079029294698647,0.9995,0,0
7999,0.043537207481759,0.99975,0,0
8000,0.24101016344024,1,0,0
