id,psi_e,x,y,z
0,0,-2,0,0
1,-0.22805788166539,-1.9995,0,0
2,-0.16184815648264,-1.999,0,0
3,-0.17903820020125,-1.9985,0,0
4,-0.17443725771163,-1.998,0,0
5,-0.17565884944039,-1.9975,0,0
6,-0.17533381297907,-1.997,0,0
7,-0.17542025081401,-1.9965,0,0
8,-0.17539726328613,-1.996,0,0
9,-0.175403379013,-1.9955,0,0
10,-0.17540175453803,-1.995,0,0
11,-0.17540218863678,-1.9945,0,0
12,-0.17540207524117,-1.994,0,0
13,-0.1754021074562,-1.9935,0,0
14,-0.17540210094489,-1.993,0,0
15,-0.17540210473316,-1.9925,0,0
16,-0.17540210578218,-1.992,0,0
17,-0.17540210755972,-1.9915,0,0
18,-0.17540210914351,-1.991,0,0
19,-0.17540211077882,-1.9905,0,0
20,-0.17540211240044,-1.99,0,0
21,-0.17540211402569,-1.9895,0,0
22,-0.17540211564998,-1.989,0,0
23,-0.17540211727453,-1.9885,0,0
24,-0.175402118899,-1.988,0,0
25,-0.1754021205235,-1.9875,0,0
26,-0.17540212214799,-1.987,0,0
27,-0.17540212377248,-1.9865,0,0
28,-0.17540212539697,-1.986,0,0
29,-0.17540212702146,-1.9855,0,0
30,-0.17540212864595,-1.985,0,0
31,-0.17540213027044,-1.9845,0,0
32,-0.17540213189493,-1.984,0,0
33,-0.17540213351942,-1.9835,0,0
34,-0.17540213514392,-1.983,0,0
35,-0.17540213676841,-1.9825,0,0
36,-0.1754021383929,-1.982,0,0
37,-0.17540214001739,-1.9815,0,0
38,-0.17540214164188,-1.981,0,0
39,-0.17540214326637,-1.9805,0,0
40,-0.17540214489086,-1.98,0,0
41,-0.17540214651535,-1.9795,0,0
42,-0.17540214813984,-1.979,0,0
43,-0.17540214976433,-1.9785,0,0
44,-0.17540215138883,-1.978,0,0
45,-0.17540215301332,-1.9775,0,0
46,-0.17540215463781,-1.977,0,0
47,-0.1754021562623,-1.9765,0,0
48,-0.17540215788679,-1.976,0,0
49,-0.17540215951128,-1.9755,0,0
50,-0.17540216113577,-1.975,0,0
51,-0.17540216276026,-1.9745,0,0
52,-0.17540216438475,-1.974,0,0
53,-0.17540216600924,-1.9735,0,0
54,-0.17540216763374,-1.973,0,0
55,-0.17540216925823,-1.9725,0,0
56,-0.17540217088272,-1.972,0,0
57,-0.17540217250721,-1.9715,0,0
58,-0.1754021741317,-1.971,0,0
59,-0.17540217575619,-1.9705,0,0
60,-0.17540217738068,-1.97,0,0
61,-0.17540217900517,-1.9695,0,0
62,-0.17540218062966,-1.969,0,0
63,-0.17540218225415,-1.9685,0,0
64,-0.17540218387865,-1.968,0,0
65,-0.17540218550314,-1.9675,0,0
66,-0.17540218712763,-1.967,0,0
67,-0.17540218875212,-1.9665,0,0
68,-0.17540219037661,-1.966,0,0
69,-0.1754021920011,-1.9655,0,0
70,-0.17540219362559,-1.965,0,0
71,-0.17540219525008,-1.9645,0,0
72,-0.17540219687457,-1.964,0,0
73,-0.17540219849906,-1.9635,0,0
74,-0.17540220012356,-1.963,0,0
75,-0.17540220174805,-1.9625,0,0
76,-0.17540220337254,-1.962,0,0
77,-0.17540220499703,-1.9615,0,0
78,-0.17540220662152,-1.961,0,0
79,-0.17540220824601,-1.9605,0,0
80,-0.1754022098705,-1.96,0,0
81,-0.17540221149499,-1.9595,0,0
82,-0.17540221311948,-1.959,0,0
83,-0.17540221474398,-1.9585,0,0
84,-0.17540221636847,-1.958,0,0
85,-0.17540221799296,-1.9575,0,0
86,-0.17540221961745,-1.957,0,0
87,-0.17540222124194,-1.9565,0,0
88,-0.17540222286643,-1.956,0,0
89,-0.17540222449092,-1.9555,0,0
90,-0.17540222611541,-1.955,0,0
91,-0.1754022277399,-1.9545,0,0
92,-0.17540222936439,-1.954,0,0
93,-0.17540223098889,-1.9535,0,0
94,-0.17540223261338,-1.953,0,0
95,-0.17540223423787,-1.9525,0,0
96,-0.17540223586236,-1.952,0,0
97,-0.17540223748685,-1.9515,0,0
98,-0.17540223911134,-1.951,0,0
99,-0.17540224073583,-1.9505,0,0
100,-0.17540224236032,-1.95,0,0
101,-0.17540224398481,-1.9495,0,0
102,-0.1754022456093,-1.949,0,0
103,-0.1754022472338,-1.9485,0,0
104,-0.17540224885829,-1.948,0,0
105,-0.17540225048278,-1.9475,0,0
106,-0.17540225210727,-1.947,0,0
107,-0.17540225373176,-1.9465,0,0
108,-0.17540225535625,-1.946,0,0
109,-0.17540225698074,-1.9455,0,0
110,-0.17540225860523,-1.945,0,0
111,-0.17540226022972,-1.9445,0,0
112,-0.17540226185421,-1.944,0,0
113,-0.17540226347871,-1.9435,0,0
114,-0.1754022651032,-1.943,0,0
115,-0.17540226672769,-1.9425,0,0
116,-0.17540226835218,-1.942,0,0
117,-0.17540226997667,-1.9415,0,0
118,-0.17540227160116,-1.941,0,0
119,-0.17540227322565,-1.9405,0,0
120,-0.17540227485014,-1.94,0,0
121,-0.17540227647463,-1.9395,0,0
122,-0.17540227809912,-1.939,0,0
123,-0.17540227972362,-1.9385,0,0
124,-0.17540228134811,-1.938,0,0
125,-0.1754022829726,-1.9375,0,0
126,-0.17540228459709,-1.937,0,0
127,-0.17540228622158,-1.9365,0,0
128,-0.17540228784607,-1.936,0,0
129,-0.17540228947056,-1.9355,0,0
130,-0.17540229109505,-1.935,0,0
131,-0.17540229271954,-1.9345,0,0
132,-0.17540229434404,-1.934,0,0
133,-0.17540229596853,-1.9335,0,0
134,-0.17540229759302,-1.933,0,0
135,-0.17540229921751,-1.9325,0,0
136,-0.175402300842,-1.932,0,0
137,-0.17540230246649,-1.9315,0,0
138,-0.17540230409098,-1.931,0,0
139,-0.17540230571547,-1.9305,0,0
140,-0.17540230733996,-1.93,0,0
141,-0.17540230896445,-1.9295,0,0
142,-0.17540231058895,-1.929,0,0
143,-0.17540231221344,-1.9285,0,0
144,-0.17540231383793,-1.928,0,0
145,-0.17540231546242,-1.9275,0,0
146,-0.17540231708691,-1.927,0,0
147,-0.1754023187114,-1.9265,0,0
148,-0.17540232033589,-1.926,0,0
149,-0.17540232196038,-1.9255,0,0
150,-0.17540232358487,-1.925,0,0
151,-0.17540232520936,-1.9245,0,0
152,-0.17540232683386,-1.924,0,0
153,-0.17540232845835,-1.9235,0,0
154,-0.17540233008284,-1.923,0,0
155,-0.17540233170733,-1.9225,0,0
156,-0.17540233333182,-1.922,0,0
157,-0.17540233495631,-1.9215,0,0
158,-0.1754023365808,-1.921,0,0
159,-0.17540233820529,-1.9205,0,0
160,-0.17540233982978,-1.92,0,0
161,-0.17540234145427,-1.9195,0,0
162,-0.17540234307877,-1.919,0,0
163,-0.17540234470326,-1.9185,0,0
164,-0.17540234632775,-1.918,0,0
165,-0.17540234795224,-1.9175,0,0
166,-0.17540234957673,-1.917,0,0
167,-0.17540235120122,-1.9165,0,0
168,-0.17540235282571,-1.916,0,0
169,-0.1754023544502,-1.9155,0,0
170,-0.17540235607469,-1.915,0,0
171,-0.17540235769918,-1.9145,0,0
172,-0.17540235932368,-1.914,0,0
173,-0.17540236094817,-1.9135,0,0
174,-0.17540236257266,-1.913,0,0
175,-0.17540236419715,-1.9125,0,0
176,-0.17540236582164,-1.912,0,0
177,-0.17540236744613,-1.9115,0,0
178,-0.17540236907062,-1.911,0,0
179,-0.17540237069511,-1.9105,0,0
180,-0.1754023723196,-1.91,0,0
181,-0.17540237394409,-1.9095,0,0
182,-0.17540237556859,-1.909,0,0
183,-0.17540237719308,-1.9085,0,0
184,-0.17540237881757,-1.908,0,0
185,-0.17540238044206,-1.9075,0,0
186,-0.17540238206655,-1.907,0,0
187,-0.17540238369104,-1.9065,0,0
188,-0.17540238531553,-1.906,0,0
189,-0.17540238694002,-1.9055,0,0
190,-0.17540238856451,-1.905,0,0
191,-0.17540239018901,-1.9045,0,0
192,-0.1754023918135,-1.904,0,0
193,-0.17540239343799,-1.9035,0,0
194,-0.17540239506248,-1.903,0,0
195,-0.17540239668697,-1.9025,0,0
196,-0.17540239831146,-1.902,0,0
197,-0.17540239993595,-1.9015,0,0
198,-0.17540240156044,-1.901,0,0
199,-0.17540240318493,-1.9005,0,0
200,-0.17540240480942,-1.9,0,0
201,-0.17540240643392,-1.8995,0,0
202,-0.17540240805841,-1.899,0,0
203,-0.1754024096829,-1.8985,0,0
204,-0.17540241130739,-1.898,0,0
205,-0.17540241293188,-1.8975,0,0
206,-0.17540241455637,-1.897,0,0
207,-0.17540241618086,-1.8965,0,0
208,-0.17540241780535,-1.896,0,0
209,-0.17540241942984,-1.8955,0,0
210,-0.17540242105433,-1.895,0,0
211,-0.17540242267883,-1.8945,0,0
212,-0.17540242430332,-1.894,0,0
213,-0.17540242592781,-1.8935,0,0
214,-0.1754024275523,-1.893,0,0
215,-0.17540242917679,-1.8925,0,0
216,-0.17540243080128,-1.892,0,0
217,-0.17540243242577,-1.8915,0,0
218,-0.17540243405026,-1.891,0,0
219,-0.17540243567475,-1.8905,0,0
220,-0.17540243729924,-1.89,0,0
221,-0.17540243892374,-1.8895,0,0
222,-0.17540244054823,-1.889,0,0
223,-0.17540244217272,-1.8885,0,0
224,-0.17540244379721,-1.888,0,0
225,-0.1754024454217,-1.8875,0,0
226,-0.17540244704619,-1.887,0,0
227,-0.17540244867068,-1.8865,0,0
228,-0.17540245029517,-1.886,0,0
229,-0.17540245191966,-1.8855,0,0
230,-0.17540245354416,-1.885,0,0
231,-0.17540245516865,-1.8845,0,0
232,-0.17540245679314,-1.884,0,0
233,-0.17540245841763,-1.8835,0,0
234,-0.17540246004212,-1.883,0,0
235,-0.17540246166661,-1.8825,0,0
236,-0.1754024632911,-1.882,0,0
237,-0.17540246491559,-1.8815,0,0
238,-0.17540246654008,-1.881,0,0
239,-0.17540246816457,-1.8805,0,0
240,-0.17540246978907,-1.88,0,0
241,-0.17540247141356,-1.8795,0,0
242,-0.17540247303805,-1.879,0,0
243,-0.17540247466254,-1.8785,0,0
244,-0.17540247628703,-1.878,0,0
245,-0.17540247791152,-1.8775,0,0
246,-0.17540247953601,-1.877,0,0
247,-0.1754024811605,-1.8765,0,0
248,-0.17540248278499,-1.876,0,0
249,-0.17540248440948,-1.8755,0,0
250,-0.17540248603398,-1.875,0,0
251,-0.17540248765847,-1.8745,0,0
252,-0.17540248928296,-1.874,0,0
253,-0.17540249090745,-1.8735,0,0
254,-0.17540249253194,-1.873,0,0
255,-0.17540249415643,-1.8725,0,0
256,-0.17540249578092,-1.872,0,0
257,-0.17540249740541,-1.8715,0,0
258,-0.1754024990299,-1.871,0,0
259,-0.17540250065439,-1.8705,0,0
260,-0.17540250227889,-1.87,0,0
261,-0.17540250390338,-1.8695,0,0
262,-0.17540250552787,-1.869,0,0
263,-0.17540250715236,-1.8685,0,0
264,-0.17540250877685,-1.868,0,0
265,-0.17540251040134,-1.8675,0,0
266,-0.17540251202583,-1.867,0,0
267,-0.17540251365032,-1.8665,0,0
268,-0.17540251527481,-1.866,0,0
269,-0.1754025168993,-1.8655,0,0
270,-0.1754025185238,-1.865,0,0
271,-0.17540252014829,-1.8645,0,0
272,-0.17540252177278,-1.864,0,0
273,-0.17540252339727,-1.8635,0,0
274,-0.17540252502176,-1.863,0,0
275,-0.17540252664625,-1.8625,0,0
276,-0.17540252827074,-1.862,0,0
277,-0.17540252989523,-1.8615,0,0
278,-0.17540253151972,-1.861,0,0
279,-0.17540253314422,-1.8605,0,0
280,-0.17540253476871,-1.86,0,0
281,-0.1754025363932,-1.8595,0,0
282,-0.17540253801769,-1.859,0,0
283,-0.17540253964218,-1.8585,0,0
284,-0.17540254126667,-1.858,0,0
285,-0.17540254289116,-1.8575,0,0
286,-0.17540254451565,-1.857,0,0
287,-0.17540254614014,-1.8565,0,0
288,-0.17540254776463,-1.856,0,0
289,-0.17540254938913,-1.8555,0,0
290,-0.17540255101362,-1.855,0,0
291,-0.17540255263811,-1.8545,0,0
292,-0.1754025542626,-1.854,0,0
293,-0.17540255588709,-1.8535,0,0
294,-0.17540255751158,-1.853,0,0
295,-0.17540255913607,-1.8525,0,0
296,-0.17540256076056,-1.852,0,0
297,-0.17540256238505,-1.8515,0,0
298,-0.17540256400954,-1.851,0,0
299,-0.17540256563404,-1.8505,0,0
300,-0.17540256725853,-1.85,0,0
301,-0.17540256888302,-1.8495,0,0
302,-0.17540257050751,-1.849,0,0
303,-0.175402572132,-1.8485,0,0
304,-0.17540257375649,-1.848,0,0
305,-0.17540257538098,-1.8475,0,0
306,-0.17540257700547,-1.847,0,0
307,-0.17540257862996,-1.8465,0,0
308,-0.17540258025445,-1.846,0,0
309,-0.17540258187895,-1.8455,0,0
310,-0.17540258350344,-1.845,0,0
311,-0.17540258512793,-1.8445,0,0
312,-0.17540258675242,-1.844,0,0
313,-0.17540258837691,-1.8435,0,0
314,-0.1754025900014,-1.843,0,0
315,-0.17540259162589,-1.8425,0,0
316,-0.17540259325038,-1.842,0,0
317,-0.17540259487487,-1.8415,0,0
318,-0.17540259649936,-1.841,0,0
319,-0.17540259812386,-1.8405,0,0
320,-0.17540259974835,-1.84,0,0
321,-0.17540260137284,-1.8395,0,0
322,-0.17540260299733,-1.839,0,0
323,-0.17540260462182,-1.8385,0,0
324,-0.17540260624631,-1.838,0,0
325,-0.1754026078708,-1.8375,0,0
326,-0.17540260949529,-1.837,0,0
327,-0.17540261111978,-1.8365,0,0
328,-0.17540261274428,-1.836,0,0
329,-0.17540261436877,-1.8355,0,0
330,-0.17540261599326,-1.835,0,0
331,-0.17540261761775,-1.8345,0,0
332,-0.17540261924224,-1.834,0,0
333,-0.17540262086673,-1.8335,0,0
334,-0.17540262249122,-1.833,0,0
335,-0.17540262411571,-1.8325,0,0
336,-0.1754026257402,-1.832,0,0
337,-0.17540262736469,-1.8315,0,0
338,-0.17540262898919,-1.831,0,0
339,-0.17540263061368,-1.8305,0,0
340,-0.17540263223817,-1.83,0,0
341,-0.17540263386266,-1.8295,0,0
342,-0.17540263548715,-1.829,0,0
343,-0.17540263711164,-1.8285,0,0
344,-0.17540263873613,-1.828,0,0
345,-0.17540264036062,-1.8275,0,0
346,-0.17540264198511,-1.827,0,0
347,-0.1754026436096,-1.8265,0,0
348,-0.1754026452341,-1.826,0,0
349,-0.17540264685859,-1.8255,0,0
350,-0.17540264848308,-1.825,0,0
351,-0.17540265010757,-1.8245,0,0
352,-0.17540265173206,-1.824,0,0
353,-0.17540265335655,-1.8235,0,0
354,-0.17540265498104,-1.823,0,0
355,-0.17540265660553,-1.8225,0,0
356,-0.17540265823002,-1.822,0,0
357,-0.17540265985451,-1.8215,0,0
358,-0.17540266147901,-1.821,0,0
359,-0.1754026631035,-1.8205,0,0
360,-0.17540266472799,-1.82,0,0
361,-0.17540266635248,-1.8195,0,0
362,-0.17540266797697,-1.819,0,0
363,-0.17540266960146,-1.8185,0,0
364,-0.17540267122595,-1.818,0,0
365,-0.17540267285044,-1.8175,0,0
366,-0.17540267447493,-1.817,0,0
367,-0.17540267609943,-1.8165,0,0
368,-0.17540267772392,-1.816,0,0
369,-0.17540267934841,-1.8155,0,0
370,-0.1754026809729,-1.815,0,0
371,-0.17540268259739,-1.8145,0,0
372,-0.17540268422188,-1.814,0,0
373,-0.17540268584637,-1.8135,0,0
374,-0.17540268747086,-1.813,0,0
375,-0.17540268909535,-1.8125,0,0
376,-0.17540269071984,-1.812,0,0
377,-0.17540269234434,-1.8115,0,0
378,-0.17540269396883,-1.811,0,0
379,-0.17540269559332,-1.8105,0,0
380,-0.17540269721781,-1.81,0,0
381,-0.1754026988423,-1.8095,0,0
382,-0.17540270046679,-1.809,0,0
383,-0.17540270209128,-1.8085,0,0
384,-0.17540270371577,-1.808,0,0
385,-0.17540270534026,-1.8075,0,0
386,-0.17540270696475,-1.807,0,0
387,-0.17540270858925,-1.8065,0,0
388,-0.17540271021374,-1.806,0,0
389,-0.17540271183823,-1.8055,0,0
390,-0.17540271346272,-1.805,0,0
391,-0.17540271508721,-1.8045,0,0
392,-0.1754027167117,-1.804,0,0
393,-0.17540271833619,-1.8035,0,0
394,-0.17540271996068,-1.803,0,0
395,-0.17540272158517,-1.8025,0,0
396,-0.17540272320966,-1.802,0,0
397,-0.17540272483416,-1.8015,0,0
398,-0.17540272645865,-1.801,0,0
399,-0.17540272808314,-1.8005,0,0
400,-0.17540272970763,-1.8,0,0
401,-0.17540273133212,-1.7995,0,0
402,-0.17540273295661,-1.799,0,0
403,-0.1754027345811,-1.7985,0,0
404,-0.17540273620559,-1.798,0,0
405,-0.17540273783008,-1.7975,0,0
406,-0.17540273945457,-1.797,0,0
407,-0.17540274107907,-1.7965,0,0
408,-0.17540274270356,-1.796,0,0
409,-0.17540274432805,-1.7955,0,0
410,-0.17540274595254,-1.795,0,0
411,-0.17540274757703,-1.7945,0,0
412,-0.17540274920152,-1.794,0,0
413,-0.17540275082601,-1.7935,0,0
414,-0.1754027524505,-1.793,0,0
415,-0.17540275407499,-1.7925,0,0
416,-0.17540275569949,-1.792,0,0
417,-0.17540275732398,-1.7915,0,0
418,-0.17540275894847,-1.791,0,0
419,-0.17540276057296,-1.7905,0,0
420,-0.17540276219745,-1.79,0,0
421,-0.17540276382194,-1.7895,0,0
422,-0.17540276544643,-1.789,0,0
423,-0.17540276707092,-1.7885,0,0
424,-0.17540276869541,-1.788,0,0
425,-0.1754027703199,-1.7875,0,0
426,-0.1754027719444,-1.787,0,0
427,-0.17540277356889,-1.7865,0,0
428,-0.17540277519338,-1.786,0,0
429,-0.17540277681787,-1.7855,0,0
430,-0.17540277844236,-1.785,0,0
431,-0.17540278006685,-1.7845,0,0
432,-0.17540278169134,-1.784,0,0
433,-0.17540278331583,-1.7835,0,0
434,-0.17540278494032,-1.783,0,0
435,-0.17540278656481,-1.7825,0,0
436,-0.17540278818931,-1.782,0,0
437,-0.1754027898138,-1.7815,0,0
438,-0.17540279143829,-1.781,0,0
439,-0.17540279306278,-1.7805,0,0
440,-0.17540279468727,-1.78,0,0
441,-0.17540279631176,-1.7795,0,0
442,-0.17540279793625,-1.779,0,0
443,-0.17540279956074,-1.7785,0,0
444,-0.17540280118523,-1.778,0,0
445,-0.17540280280972,-1.7775,0,0
446,-0.17540280443422,-1.777,0,0
447,-0.17540280605871,-1.7765,0,0
448,-0.1754028076832,-1.776,0,0
449,-0.17540280930769,-1.7755,0,0
450,-0.17540281093218,-1.775,0,0
451,-0.17540281255667,-1.7745,0,0
452,-0.17540281418116,-1.774,0,0
453,-0.17540281580565,-1.7735,0,0
454,-0.17540281743014,-1.773,0,0
455,-0.17540281905463,-1.7725,0,0
456,-0.17540282067913,-1.772,0,0
457,-0.17540282230362,-1.7715,0,0
458,-0.17540282392811,-1.771,0,0
459,-0.1754028255526,-1.7705,0,0
460,-0.17540282717709,-1.77,0,0
461,-0.17540282880158,-1.7695,0,0
462,-0.17540283042607,-1.769,0,0
463,-0.17540283205056,-1.7685,0,0
464,-0.17540283367505,-1.768,0,0
465,-0.17540283529955,-1.7675,0,0
466,-0.17540283692404,-1.767,0,0
467,-0.17540283854853,-1.7665,0,0
468,-0.17540284017302,-1.766,0,0
469,-0.17540284179751,-1.7655,0,0
470,-0.175402843422,-1.765,0,0
471,-0.17540284504649,-1.7645,0,0
472,-0.17540284667098,-1.764,0,0
473,-0.17540284829547,-1.7635,0,0
474,-0.17540284991996,-1.763,0,0
475,-0.17540285154446,-1.7625,0,0
476,-0.17540285316895,-1.762,0,0
477,-0.17540285479344,-1.7615,0,0
478,-0.17540285641793,-1.761,0,0
479,-0.17540285804242,-1.7605,0,0
480,-0.17540285966691,-1.76,0,0
481,-0.1754028612914,-1.7595,0,0
482,-0.17540286291589,-1.759,0,0
483,-0.17540286454038,-1.7585,0,0
484,-0.17540286616487,-1.758,0,0
485,-0.17540286778937,-1.7575,0,0
486,-0.17540286941386,-1.757,0,0
487,-0.17540287103835,-1.7565,0,0
488,-0.17540287266284,-1.756,0,0
489,-0.17540287428733,-1.7555,0,0
490,-0.17540287591182,-1.755,0,0
491,-0.17540287753631,-1.7545,0,0
492,-0.1754028791608,-1.754,0,0
493,-0.17540288078529,-1.7535,0,0
494,-0.17540288240978,-1.753,0,0
495,-0.17540288403428,-1.7525,0,0
496,-0.17540288565877,-1.752,0,0
497,-0.17540288728326,-1.7515,0,0
498,-0.17540288890775,-1.751,0,0
499,-0.17540289053224,-1.7505,0,0
500,-0.17540289215673,-1.75,0,0
501,-0.17540289378122,-1.7495,0,0
502,-0.17540289540571,-1.749,0,0
503,-0.1754028970302,-1.7485,0,0
504,-0.17540289865469,-1.748,0,0
505,-0.17540290027919,-1.7475,0,0
506,-0.17540290190368,-1.747,0,0
507,-0.17540290352817,-1.7465,0,0
508,-0.17540290515266,-1.746,0,0
509,-0.17540290677715,-1.7455,0,0
510,-0.17540290840164,-1.745,0,0
511,-0.17540291002613,-1.7445,0,0
512,-0.17540291165062,-1.744,0,0
513,-0.17540291327511,-1.7435,0,0
514,-0.17540291489961,-1.743,0,0
515,-0.1754029165241,-1.7425,0,0
516,-0.17540291814859,-1.742,0,0
517,-0.17540291977308,-1.7415,0,0
518,-0.17540292139757,-1.741,0,0
519,-0.17540292302206,-1.7405,0,0
520,-0.17540292464655,-1.74,0,0
521,-0.17540292627104,-1.7395,0,0
522,-0.17540292789553,-1.739,0,0
523,-0.17540292952002,-1.7385,0,0
524,-0.17540293114452,-1.738,0,0
525,-0.17540293276901,-1.7375,0,0
526,-0.1754029343935,-1.737,0,0
527,-0.17540293601799,-1.7365,0,0
528,-0.17540293764248,-1.736,0,0
529,-0.17540293926697,-1.7355,0,0
530,-0.17540294089146,-1.735,0,0
531,-0.17540294251595,-1.7345,0,0
532,-0.17540294414044,-1.734,0,0
533,-0.17540294576493,-1.7335,0,0
534,-0.17540294738943,-1.733,0,0
535,-0.17540294901392,-1.7325,0,0
536,-0.17540295063841,-1.732,0,0
537,-0.1754029522629,-1.7315,0,0
538,-0.17540295388739,-1.731,0,0
539,-0.17540295551188,-1.7305,0,0
540,-0.17540295713637,-1.73,0,0
541,-0.17540295876086,-1.7295,0,0
542,-0.17540296038535,-1.729,0,0
543,-0.17540296200984,-1.7285,0,0
544,-0.17540296363434,-1.728,0,0
545,-0.17540296525883,-1.7275,0,0
546,-0.17540296688332,-1.727,0,0
547,-0.17540296850781,-1.7265,0,0
548,-0.1754029701323,-1.726,0,0
549,-0.17540297175679,-1.7255,0,0
550,-0.17540297338128,-1.725,0,0
551,-0.17540297500577,-1.7245,0,0
552,-0.17540297663026,-1.724,0,0
553,-0.17540297825476,-1.7235,0,0
554,-0.17540297987925,-1.723,0,0
555,-0.17540298150374,-1.7225,0,0
556,-0.17540298312823,-1.722,0,0
557,-0.17540298475272,-1.7215,0,0
558,-0.17540298637721,-1.721,0,0
559,-0.1754029880017,-1.7205,0,0
560,-0.17540298962619,-1.72,0,0
561,-0.17540299125068,-1.7195,0,0
562,-0.17540299287517,-1.719,0,0
563,-0.17540299449967,-1.7185,0,0
564,-0.17540299612416,-1.718,0,0
565,-0.17540299774865,-1.7175,0,0
566,-0.17540299937314,-1.717,0,0
567,-0.17540300099763,-1.7165,0,0
568,-0.17540300262212,-1.716,0,0
569,-0.17540300424661,-1.7155,0,0
570,-0.1754030058711,-1.715,0,0
571,-0.17540300749559,-1.7145,0,0
572,-0.17540300912008,-1.714,0,0
573,-0.17540301074458,-1.7135,0,0
574,-0.17540301236907,-1.713,0,0
575,-0.17540301399356,-1.7125,0,0
576,-0.17540301561805,-1.712,0,0
577,-0.17540301724254,-1.7115,0,0
578,-0.17540301886703,-1.711,0,0
579,-0.17540302049152,-1.7105,0,0
580,-0.17540302211601,-1.71,0,0
581,-0.1754030237405,-1.7095,0,0
582,-0.17540302536499,-1.709,0,0
583,-0.17540302698949,-1.7085,0,0
584,-0.17540302861398,-1.708,0,0
585,-0.17540303023847,-1.7075,0,0
586,-0.17540303186296,-1.707,0,0
587,-0.17540303348745,-1.7065,0,0
588,-0.17540303511194,-1.706,0,0
589,-0.17540303673643,-1.7055,0,0
590,-0.17540303836092,-1.705,0,0
591,-0.17540303998541,-1.7045,0,0
592,-0.1754030416099,-1.704,0,0
593,-0.1754030432344,-1.7035,0,0
594,-0.17540304485889,-1.703,0,0
595,-0.17540304648338,-1.7025,0,0
596,-0.17540304810787,-1.702,0,0
597,-0.17540304973236,-1.7015,0,0
598,-0.17540305135685,-1.701,0,0
599,-0.17540305298134,-1.7005,0,0
600,-0.17540305460583,-1.7,0,0
601,-0.17540305623032,-1.6995,0,0
602,-0.17540305785482,-1.699,0,0
603,-0.17540305947931,-1.6985,0,0
604,-0.1754030611038,-1.698,0,0
605,-0.17540306272829,-1.6975,0,0
606,-0.17540306435278,-1.697,0,0
607,-0.17540306597727,-1.6965,0,0
608,-0.17540306760176,-1.696,0,0
609,-0.17540306922625,-1.6955,0,0
610,-0.17540307085074,-1.695,0,0
611,-0.17540307247523,-1.6945,0,0
612,-0.17540307409973,-1.694,0,0
613,-0.17540307572422,-1.6935,0,0
614,-0.17540307734871,-1.693,0,0
615,-0.1754030789732,-1.6925,0,0
616,-0.17540308059769,-1.692,0,0
617,-0.17540308222218,-1.6915,0,0
618,-0.17540308384667,-1.691,0,0
619,-0.17540308547116,-1.6905,0,0
620,-0.17540308709565,-1.69,0,0
621,-0.17540308872014,-1.6895,0,0
622,-0.17540309034464,-1.689,0,0
623,-0.17540309196913,-1.6885,0,0
624,-0.17540309359362,-1.688,0,0
625,-0.17540309521811,-1.6875,0,0
626,-0.1754030968426,-1.687,0,0
627,-0.17540309846709,-1.6865,0,0
628,-0.17540310009158,-1.686,0,0
629,-0.17540310171607,-1.6855,0,0
630,-0.17540310334056,-1.685,0,0
631,-0.17540310496505,-1.6845,0,0
632,-0.17540310658955,-1.684,0,0
633,-0.17540310821404,-1.6835,0,0
634,-0.17540310983853,-1.683,0,0
635,-0.17540311146302,-1.6825,0,0
636,-0.17540311308751,-1.682,0,0
637,-0.175403114712,-1.6815,0,0
638,-0.17540311633649,-1.681,0,0
639,-0.17540311796098,-1.6805,0,0
640,-0.17540311958547,-1.68,0,0
641,-0.17540312120997,-1.6795,0,0
642,-0.17540312283446,-1.679,0,0
643,-0.17540312445895,-1.6785,0,0
644,-0.17540312608344,-1.678,0,0
645,-0.17540312770793,-1.6775,0,0
646,-0.17540312933242,-1.677,0,0
647,-0.17540313095691,-1.6765,0,0
648,-0.1754031325814,-1.676,0,0
649,-0.17540313420589,-1.6755,0,0
650,-0.17540313583038,-1.675,0,0
651,-0.17540313745488,-1.6745,0,0
652,-0.17540313907937,-1.674,0,0
653,-0.17540314070386,-1.6735,0,0
654,-0.17540314232835,-1.673,0,0
655,-0.17540314395284,-1.6725,0,0
656,-0.17540314557733,-1.672,0,0
657,-0.17540314720182,-1.6715,0,0
658,-0.17540314882631,-1.671,0,0
659,-0.1754031504508,-1.6705,0,0
660,-0.17540315207529,-1.67,0,0
661,-0.17540315369979,-1.6695,0,0
662,-0.17540315532428,-1.669,0,0
663,-0.17540315694877,-1.6685,0,0
664,-0.17540315857326,-1.668,0,0
665,-0.17540316019775,-1.6675,0,0
666,-0.17540316182224,-1.667,0,0
667,-0.17540316344673,-1.6665,0,0
668,-0.17540316507122,-1.666,0,0
669,-0.17540316669571,-1.6655,0,0
670,-0.1754031683202,-1.665,0,0
671,-0.1754031699447,-1.6645,0,0
672,-0.17540317156919,-1.664,0,0
673,-0.17540317319368,-1.6635,0,0
674,-0.17540317481817,-1.663,0,0
675,-0.17540317644266,-1.6625,0,0
676,-0.17540317806715,-1.662,0,0
677,-0.17540317969164,-1.6615,0,0
678,-0.17540318131613,-1.661,0,0
679,-0.17540318294062,-1.6605,0,0
680,-0.17540318456511,-1.66,0,0
681,-0.17540318618961,-1.6595,0,0
682,-0.1754031878141,-1.659,0,0
683,-0.17540318943859,-1.6585,0,0
684,-0.17540319106308,-1.658,0,0
685,-0.17540319268757,-1.6575,0,0
686,-0.17540319431206,-1.657,0,0
687,-0.17540319593655,-1.6565,0,0
688,-0.17540319756104,-1.656,0,0
689,-0.17540319918553,-1.6555,0,0
690,-0.17540320081003,-1.655,0,0
691,-0.17540320243452,-1.6545,0,0
692,-0.17540320405901,-1.654,0,0
693,-0.1754032056835,-1.6535,0,0
694,-0.17540320730799,-1.653,0,0
695,-0.17540320893248,-1.6525,0,0
696,-0.17540321055697,-1.652,0,0
697,-0.17540321218146,-1.6515,0,0
698,-0.17540321380595,-1.651,0,0
699,-0.17540321543044,-1.6505,0,0
700,-0.17540321705494,-1.65,0,0
701,-0.17540321867943,-1.6495,0,0
702,-0.17540322030392,-1.649,0,0
703,-0.17540322192841,-1.6485,0,0
704,-0.1754032235529,-1.648,0,0
705,-0.17540322517739,-1.6475,0,0
706,-0.17540322680188,-1.647,0,0
707,-0.17540322842637,-1.6465,0,0
708,-0.17540323005086,-1.646,0,0
709,-0.17540323167535,-1.6455,0,0
710,-0.17540323329985,-1.645,0,0
711,-0.17540323492434,-1.6445,0,0
712,-0.17540323654883,-1.644,0,0
713,-0.17540323817332,-1.6435,0,0
714,-0.17540323979781,-1.643,0,0
715,-0.1754032414223,-1.6425,0,0
716,-0.17540324304679,-1.642,0,0
717,-0.17540324467128,-1.6415,0,0
718,-0.17540324629577,-1.641,0,0
719,-0.17540324792026,-1.6405,0,0
720,-0.17540324954476,-1.64,0,0
721,-0.17540325116925,-1.6395,0,0
722,-0.17540325279374,-1.639,0,0
723,-0.17540325441823,-1.6385,0,0
724,-0.17540325604272,-1.638,0,0
725,-0.17540325766721,-1.6375,0,0
726,-0.1754032592917,-1.637,0,0
727,-0.17540326091619,-1.6365,0,0
728,-0.17540326254068,-1.636,0,0
729,-0.17540326416517,-1.6355,0,0
730,-0.17540326578967,-1.635,0,0
731,-0.17540326741416,-1.6345,0,0
732,-0.17540326903865,-1.634,0,0
733,-0.17540327066314,-1.6335,0,0
734,-0.17540327228763,-1.633,0,0
735,-0.17540327391212,-1.6325,0,0
736,-0.17540327553661,-1.632,0,0
737,-0.1754032771611,-1.6315,0,0
738,-0.17540327878559,-1.631,0,0
739,-0.17540328041009,-1.6305,0,0
740,-0.17540328203458,-1.63,0,0
741,-0.17540328365907,-1.6295,0,0
742,-0.17540328528356,-1.629,0,0
743,-0.17540328690805,-1.6285,0,0
744,-0.17540328853254,-1.628,0,0
745,-0.17540329015703,-1.6275,0,0
746,-0.17540329178152,-1.627,0,0
747,-0.17540329340601,-1.6265,0,0
748,-0.1754032950305,-1.626,0,0
749,-0.175403296655,-1.6255,0,0
750,-0.17540329827949,-1.625,0,0
751,-0.17540329990398,-1.6245,0,0
752,-0.17540330152847,-1.624,0,0
753,-0.17540330315296,-1.6235,0,0
754,-0.17540330477745,-1.623,0,0
755,-0.17540330640194,-1.6225,0,0
756,-0.17540330802643,-1.622,0,0
757,-0.17540330965092,-1.6215,0,0
758,-0.17540331127541,-1.621,0,0
759,-0.17540331289991,-1.6205,0,0
760,-0.1754033145244,-1.62,0,0
761,-0.17540331614889,-1.6195,0,0
762,-0.17540331777338,-1.619,0,0
763,-0.17540331939787,-1.6185,0,0
764,-0.17540332102236,-1.618,0,0
765,-0.17540332264685,-1.6175,0,0
766,-0.17540332427134,-1.617,0,0
767,-0.17540332589583,-1.6165,0,0
768,-0.17540332752032,-1.616,0,0
769,-0.17540332914482,-1.6155,0,0
770,-0.17540333076931,-1.615,0,0
771,-0.1754033323938,-1.6145,0,0
772,-0.17540333401829,-1.614,0,0
773,-0.17540333564278,-1.6135,0,0
774,-0.17540333726727,-1.613,0,0
775,-0.17540333889176,-1.6125,0,0
776,-0.17540334051625,-1.612,0,0
777,-0.17540334214074,-1.6115,0,0
778,-0.17540334376523,-1.611,0,0
779,-0.17540334538973,-1.6105,0,0
780,-0.17540334701422,-1.61,0,0
781,-0.17540334863871,-1.6095,0,0
782,-0.1754033502632,-1.609,0,0
783,-0.17540335188769,-1.6085,0,0
784,-0.17540335351218,-1.608,0,0
785,-0.17540335513667,-1.6075,0,0
786,-0.17540335676116,-1.607,0,0
787,-0.17540335838565,-1.6065,0,0
788,-0.17540336001015,-1.606,0,0
789,-0.17540336163464,-1.6055,0,0
790,-0.17540336325913,-1.605,0,0
791,-0.17540336488362,-1.6045,0,0
792,-0.17540336650811,-1.604,0,0
793,-0.1754033681326,-1.6035,0,0
794,-0.17540336975709,-1.603,0,0
795,-0.17540337138158,-1.6025,0,0
796,-0.17540337300607,-1.602,0,0
797,-0.17540337463056,-1.6015,0,0
798,-0.17540337625506,-1.601,0,0
799,-0.17540337787955,-1.6005,0,0
800,-0.17540337950404,-1.6,0,0
801,-0.17540338112853,-1.5995,0,0
802,-0.17540338275302,-1.599,0,0
803,-0.17540338437751,-1.5985,0,0
804,-0.175403386002,-1.598,0,0
805,-0.17540338762649,-1.5975,0,0
806,-0.17540338925098,-1.597,0,0
807,-0.17540339087547,-1.5965,0,0
808,-0.17540339249997,-1.596,0,0
809,-0.17540339412446,-1.5955,0,0
810,-0.17540339574895,-1.595,0,0
811,-0.17540339737344,-1.5945,0,0
812,-0.17540339899793,-1.594,0,0
813,-0.17540340062242,-1.5935,0,0
814,-0.17540340224691,-1.593,0,0
815,-0.1754034038714,-1.5925,0,0
816,-0.17540340549589,-1.592,0,0
817,-0.17540340712038,-1.5915,0,0
818,-0.17540340874488,-1.591,0,0
819,-0.17540341036937,-1.5905,0,0
820,-0.17540341199386,-1.59,0,0
821,-0.17540341361835,-1.5895,0,0
822,-0.17540341524284,-1.589,0,0
823,-0.17540341686733,-1.5885,0,0
824,-0.17540341849182,-1.588,0,0
825,-0.17540342011631,-1.5875,0,0
826,-0.1754034217408,-1.587,0,0
827,-0.1754034233653,-1.5865,0,0
828,-0.17540342498979,-1.586,0,0
829,-0.17540342661428,-1.5855,0,0
830,-0.17540342823877,-1.585,0,0
831,-0.17540342986326,-1.5845,0,0
832,-0.17540343148775,-1.584,0,0
833,-0.17540343311224,-1.5835,0,0
834,-0.17540343473673,-1.583,0,0
835,-0.17540343636122,-1.5825,0,0
836,-0.17540343798571,-1.582,0,0
837,-0.17540343961021,-1.5815,0,0
838,-0.1754034412347,-1.581,0,0
839,-0.17540344285919,-1.5805,0,0
840,-0.17540344448368,-1.58,0,0
841,-0.17540344610817,-1.5795,0,0
842,-0.17540344773266,-1.579,0,0
843,-0.17540344935715,-1.5785,0,0
844,-0.17540345098164,-1.578,0,0
845,-0.17540345260613,-1.5775,0,0
846,-0.17540345423062,-1.577,0,0
847,-0.17540345585512,-1.5765,0,0
848,-0.17540345747961,-1.576,0,0
849,-0.1754034591041,-1.5755,0,0
850,-0.17540346072859,-1.575,0,0
851,-0.17540346235308,-1.5745,0,0
852,-0.17540346397757,-1.574,0,0
853,-0.17540346560206,-1.5735,0,0
854,-0.17540346722655,-1.573,0,0
855,-0.17540346885104,-1.5725,0,0
856,-0.17540347047553,-1.572,0,0
857,-0.17540347210003,-1.5715,0,0
858,-0.17540347372452,-1.571,0,0
859,-0.17540347534901,-1.5705,0,0
860,-0.1754034769735,-1.57,0,0
861,-0.17540347859799,-1.5695,0,0
862,-0.17540348022248,-1.569,0,0
863,-0.17540348184697,-1.5685,0,0
864,-0.17540348347146,-1.568,0,0
865,-0.17540348509595,-1.5675,0,0
866,-0.17540348672044,-1.567,0,0
867,-0.17540348834494,-1.5665,0,0
868,-0.17540348996943,-1.566,0,0
869,-0.17540349159392,-1.5655,0,0
870,-0.17540349321841,-1.565,0,0
871,-0.1754034948429,-1.5645,0,0
872,-0.17540349646739,-1.564,0,0
873,-0.17540349809188,-1.5635,0,0
874,-0.17540349971637,-1.563,0,0
875,-0.17540350134086,-1.5625,0,0
876,-0.17540350296536,-1.562,0,0
877,-0.17540350458985,-1.5615,0,0
878,-0.17540350621434,-1.561,0,0
879,-0.17540350783883,-1.5605,0,0
880,-0.17540350946332,-1.56,0,0
881,-0.17540351108781,-1.5595,0,0
882,-0.1754035127123,-1.559,0,0
883,-0.17540351433679,-1.5585,0,0
884,-0.17540351596128,-1.558,0,0
885,-0.17540351758577,-1.5575,0,0
886,-0.17540351921027,-1.557,0,0
887,-0.17540352083476,-1.5565,0,0
888,-0.17540352245925,-1.556,0,0
889,-0.17540352408374,-1.5555,0,0
890,-0.17540352570823,-1.555,0,0
891,-0.17540352733272,-1.5545,0,0
892,-0.17540352895721,-1.554,0,0
893,-0.1754035305817,-1.5535,0,0
894,-0.17540353220619,-1.553,0,0
895,-0.17540353383068,-1.5525,0,0
896,-0.17540353545518,-1.552,0,0
897,-0.17540353707967,-1.5515,0,0
898,-0.17540353870416,-1.551,0,0
899,-0.17540354032865,-1.5505,0,0
900,-0.17540354195314,-1.55,0,0
901,-0.17540354357763,-1.5495,0,0
902,-0.17540354520212,-1.549,0,0
903,-0.17540354682661,-1.5485,0,0
904,-0.1754035484511,-1.548,0,0
905,-0.17540355007559,-1.5475,0,0
906,-0.17540355170009,-1.547,0,0
907,-0.17540355332458,-1.5465,0,0
908,-0.17540355494907,-1.546,0,0
909,-0.17540355657356,-1.5455,0,0
910,-0.17540355819805,-1.545,0,0
911,-0.17540355982254,-1.5445,0,0
912,-0.17540356144703,-1.544,0,0
913,-0.17540356307152,-1.5435,0,0
914,-0.17540356469601,-1.543,0,0
915,-0.1754035663205,-1.5425,0,0
916,-0.175403567945,-1.542,0,0
917,-0.17540356956949,-1.5415,0,0
918,-0.17540357119398,-1.541,0,0
919,-0.17540357281847,-1.5405,0,0
920,-0.17540357444296,-1.54,0,0
921,-0.17540357606745,-1.5395,0,0
922,-0.17540357769194,-1.539,0,0
923,-0.17540357931643,-1.5385,0,0
924,-0.17540358094092,-1.538,0,0
925,-0.17540358256542,-1.5375,0,0
926,-0.17540358418991,-1.537,0,0
927,-0.1754035858144,-1.5365,0,0
928,-0.17540358743889,-1.536,0,0
929,-0.17540358906338,-1.5355,0,0
930,-0.17540359068787,-1.535,0,0
931,-0.17540359231236,-1.5345,0,0
932,-0.17540359393685,-1.534,0,0
933,-0.17540359556134,-1.5335,0,0
934,-0.17540359718583,-1.533,0,0
935,-0.17540359881033,-1.5325,0,0
936,-0.17540360043482,-1.532,0,0
937,-0.17540360205931,-1.5315,0,0
938,-0.1754036036838,-1.531,0,0
939,-0.17540360530829,-1.5305,0,0
940,-0.17540360693278,-1.53,0,0
941,-0.17540360855727,-1.5295,0,0
942,-0.17540361018176,-1.529,0,0
943,-0.17540361180625,-1.5285,0,0
944,-0.17540361343074,-1.528,0,0
945,-0.17540361505524,-1.5275,0,0
946,-0.17540361667973,-1.527,0,0
947,-0.17540361830422,-1.5265,0,0
948,-0.17540361992871,-1.526,0,0
949,-0.1754036215532,-1.5255,0,0
950,-0.17540362317769,-1.525,0,0
951,-0.17540362480218,-1.5245,0,0
952,-0.17540362642667,-1.524,0,0
953,-0.17540362805116,-1.5235,0,0
954,-0.17540362967565,-1.523,0,0
955,-0.17540363130015,-1.5225,0,0
956,-0.17540363292464,-1.522,0,0
957,-0.17540363454913,-1.5215,0,0
958,-0.17540363617362,-1.521,0,0
959,-0.17540363779811,-1.5205,0,0
960,-0.1754036394226,-1.52,0,0
961,-0.17540364104709,-1.5195,0,0
962,-0.17540364267158,-1.519,0,0
963,-0.17540364429607,-1.5185,0,0
964,-0.17540364592056,-1.518,0,0
965,-0.17540364754506,-1.5175,0,0
966,-0.17540364916955,-1.517,0,0
967,-0.17540365079404,-1.5165,0,0
968,-0.17540365241853,-1.516,0,0
969,-0.17540365404302,-1.5155,0,0
970,-0.17540365566751,-1.515,0,0
971,-0.175403657292,-1.5145,0,0
972,-0.17540365891649,-1.514,0,0
973,-0.17540366054098,-1.5135,0,0
974,-0.17540366216548,-1.513,0,0
975,-0.17540366378997,-1.5125,0,0
976,-0.17540366541446,-1.512,0,0
977,-0.17540366703895,-1.5115,0,0
978,-0.17540366866344,-1.511,0,0
979,-0.17540367028793,-1.5105,0,0
980,-0.17540367191242,-1.51,0,0
981,-0.17540367353691,-1.5095,0,0
982,-0.1754036751614,-1.509,0,0
983,-0.17540367678589,-1.5085,0,0
984,-0.17540367841039,-1.508,0,0
985,-0.17540368003488,-1.5075,0,0
986,-0.17540368165937,-1.507,0,0
987,-0.17540368328386,-1.5065,0,0
988,-0.17540368490835,-1.506,0,0
989,-0.17540368653284,-1.5055,0,0
990,-0.17540368815733,-1.505,0,0
991,-0.17540368978182,-1.5045,0,0
992,-0.17540369140631,-1.504,0,0
993,-0.1754036930308,-1.5035,0,0
994,-0.1754036946553,-1.503,0,0
995,-0.17540369627979,-1.5025,0,0
996,-0.17540369790428,-1.502,0,0
997,-0.17540369952877,-1.5015,0,0
998,-0.17540370115326,-1.501,0,0
999,-0.17540370277775,-1.5005,0,0
1000,-0.17540370440224,-1.5,0,0
1001,-0.17540370602673,-1.4995,0,0
1002,-0.17540370765122,-1.499,0,0
1003,-0.17540370927571,-1.4985,0,0
1004,-0.17540371090021,-1.498,0,0
1005,-0.1754037125247,-1.4975,0,0
1006,-0.17540371414919,-1.497,0,0
1007,-0.17540371577368,-1.4965,0,0
1008,-0.17540371739817,-1.496,0,0
1009,-0.17540371902266,-1.4955,0,0
1010,-0.17540372064715,-1.495,0,0
1011,-0.17540372227164,-1.4945,0,0
1012,-0.17540372389613,-1.494,0,0
1013,-0.17540372552062,-1.4935,0,0
1014,-0.17540372714512,-1.493,0,0
1015,-0.17540372876961,-1.4925,0,0
1016,-0.1754037303941,-1.492,0,0
1017,-0.17540373201859,-1.4915,0,0
1018,-0.17540373364308,-1.491,0,0
1019,-0.17540373526757,-1.4905,0,0
1020,-0.17540373689206,-1.49,0,0
1021,-0.17540373851655,-1.4895,0,0
1022,-0.17540374014104,-1.489,0,0
1023,-0.17540374176554,-1.4885,0,0
1024,-0.17540374339003,-1.488,0,0
1025,-0.17540374501452,-1.4875,0,0
1026,-0.17540374663901,-1.487,0,0
1027,-0.1754037482635,-1.4865,0,0
1028,-0.17540374988799,-1.486,0,0
1029,-0.17540375151248,-1.4855,0,0
1030,-0.17540375313697,-1.485,0,0
1031,-0.17540375476146,-1.4845,0,0
1032,-0.17540375638595,-1.484,0,0
1033,-0.17540375801045,-1.4835,0,0
1034,-0.17540375963494,-1.483,0,0
1035,-0.17540376125943,-1.4825,0,0
1036,-0.17540376288392,-1.482,0,0
1037,-0.17540376450841,-1.4815,0,0
1038,-0.1754037661329,-1.481,0,0
1039,-0.17540376775739,-1.4805,0,0
1040,-0.17540376938188,-1.48,0,0
1041,-0.17540377100637,-1.4795,0,0
1042,-0.17540377263086,-1.479,0,0
1043,-0.17540377425536,-1.4785,0,0
1044,-0.17540377587985,-1.478,0,0
1045,-0.17540377750434,-1.4775,0,0
1046,-0.17540377912883,-1.477,0,0
1047,-0.17540378075332,-1.4765,0,0
1048,-0.17540378237781,-1.476,0,0
1049,-0.1754037840023,-1.4755,0,0
1050,-0.17540378562679,-1.475,0,0
1051,-0.17540378725128,-1.4745,0,0
1052,-0.17540378887577,-1.474,0,0
1053,-0.17540379050027,-1.4735,0,0
1054,-0.17540379212476,-1.473,0,0
1055,-0.17540379374925,-1.4725,0,0
1056,-0.17540379537374,-1.472,0,0
1057,-0.17540379699823,-1.4715,0,0
1058,-0.17540379862272,-1.471,0,0
1059,-0.17540380024721,-1.4705,0,0
1060,-0.1754038018717,-1.47,0,0
1061,-0.17540380349619,-1.4695,0,0
1062,-0.17540380512068,-1.469,0,0
1063,-0.17540380674518,-1.4685,0,0
1064,-0.17540380836967,-1.468,0,0
1065,-0.17540380999416,-1.4675,0,0
1066,-0.17540381161865,-1.467,0,0
1067,-0.17540381324314,-1.4665,0,0
1068,-0.17540381486763,-1.466,0,0
1069,-0.17540381649212,-1.4655,0,0
1070,-0.17540381811661,-1.465,0,0
1071,-0.1754038197411,-1.4645,0,0
1072,-0.1754038213656,-1.464,0,0
1073,-0.17540382299009,-1.4635,0,0
1074,-0.17540382461458,-1.463,0,0
1075,-0.17540382623907,-1.4625,0,0
1076,-0.17540382786356,-1.462,0,0
1077,-0.17540382948805,-1.4615,0,0
1078,-0.17540383111254,-1.461,0,0
1079,-0.17540383273703,-1.4605,0,0
1080,-0.17540383436152,-1.46,0,0
1081,-0.17540383598601,-1.4595,0,0
1082,-0.17540383761051,-1.459,0,0
1083,-0.175403839235,-1.4585,0,0
1084,-0.17540384085949,-1.458,0,0
1085,-0.17540384248398,-1.4575,0,0
1086,-0.17540384410847,-1.457,0,0
1087,-0.17540384573296,-1.4565,0,0
1088,-0.17540384735745,-1.456,0,0
1089,-0.17540384898194,-1.4555,0,0
1090,-0.17540385060643,-1.455,0,0
1091,-0.17540385223092,-1.4545,0,0
1092,-0.17540385385542,-1.454,0,0
1093,-0.17540385547991,-1.4535,0,0
1094,-0.1754038571044,-1.453,0,0
1095,-0.17540385872889,-1.4525,0,0
1096,-0.17540386035338,-1.452,0,0
1097,-0.17540386197787,-1.4515,0,0
1098,-0.17540386360236,-1.451,0,0
1099,-0.17540386522685,-1.4505,0,0
1100,-0.17540386685134,-1.45,0,0
1101,-0.17540386847583,-1.4495,0,0
1102,-0.17540387010033,-1.449,0,0
1103,-0.17540387172482,-1.4485,0,0
1104,-0.17540387334931,-1.448,0,0
1105,-0.1754038749738,-1.4475,0,0
1106,-0.17540387659829,-1.447,0,0
1107,-0.17540387822278,-1.4465,0,0
1108,-0.17540387984727,-1.446,0,0
1109,-0.17540388147176,-1.4455,0,0
1110,-0.17540388309625,-1.445,0,0
1111,-0.17540388472074,-1.4445,0,0
1112,-0.17540388634524,-1.444,0,0
1113,-0.17540388796973,-1.4435,0,0
1114,-0.17540388959422,-1.443,0,0
1115,-0.17540389121871,-1.4425,0,0
1116,-0.1754038928432,-1.442,0,0
1117,-0.17540389446769,-1.4415,0,0
1118,-0.17540389609218,-1.441,0,0
1119,-0.17540389771667,-1.4405,0,0
1120,-0.17540389934116,-1.44,0,0
1121,-0.17540390096566,-1.4395,0,0
1122,-0.17540390259015,-1.439,0,0
1123,-0.17540390421464,-1.4385,0,0
1124,-0.17540390583913,-1.438,0,0
1125,-0.17540390746362,-1.4375,0,0
1126,-0.17540390908811,-1.437,0,0
1127,-0.1754039107126,-1.4365,0,0
1128,-0.17540391233709,-1.436,0,0
1129,-0.17540391396158,-1.4355,0,0
1130,-0.17540391558607,-1.435,0,0
1131,-0.17540391721057,-1.4345,0,0
1132,-0.17540391883506,-1.434,0,0
1133,-0.17540392045955,-1.4335,0,0
1134,-0.17540392208404,-1.433,0,0
1135,-0.17540392370853,-1.4325,0,0
1136,-0.17540392533302,-1.432,0,0
1137,-0.17540392695751,-1.4315,0,0
1138,-0.175403928582,-1.431,0,0
1139,-0.17540393020649,-1.4305,0,0
1140,-0.17540393183098,-1.43,0,0
1141,-0.17540393345548,-1.4295,0,0
1142,-0.17540393507997,-1.429,0,0
1143,-0.17540393670446,-1.4285,0,0
1144,-0.17540393832895,-1.428,0,0
1145,-0.17540393995344,-1.4275,0,0
1146,-0.17540394157793,-1.427,0,0
1147,-0.17540394320242,-1.4265,0,0
1148,-0.17540394482691,-1.426,0,0
1149,-0.1754039464514,-1.4255,0,0
1150,-0.17540394807589,-1.425,0,0
1151,-0.17540394970039,-1.4245,0,0
1152,-0.17540395132488,-1.424,0,0
1153,-0.17540395294937,-1.4235,0,0
1154,-0.17540395457386,-1.423,0,0
1155,-0.17540395619835,-1.4225,0,0
1156,-0.17540395782284,-1.422,0,0
1157,-0.17540395944733,-1.4215,0,0
1158,-0.17540396107182,-1.421,0,0
1159,-0.17540396269631,-1.4205,0,0
1160,-0.17540396432081,-1.42,0,0
1161,-0.1754039659453,-1.4195,0,0
1162,-0.17540396756979,-1.419,0,0
1163,-0.17540396919428,-1.4185,0,0
1164,-0.17540397081877,-1.418,0,0
1165,-0.17540397244326,-1.4175,0,0
1166,-0.17540397406775,-1.417,0,0
1167,-0.17540397569224,-1.4165,0,0
1168,-0.17540397731673,-1.416,0,0
1169,-0.17540397894122,-1.4155,0,0
1170,-0.17540398056572,-1.415,0,0
1171,-0.17540398219021,-1.4145,0,0
1172,-0.1754039838147,-1.414,0,0
1173,-0.17540398543919,-1.4135,0,0
1174,-0.17540398706368,-1.413,0,0
1175,-0.17540398868817,-1.4125,0,0
1176,-0.17540399031266,-1.412,0,0
1177,-0.17540399193715,-1.4115,0,0
1178,-0.17540399356164,-1.411,0,0
1179,-0.17540399518613,-1.4105,0,0
1180,-0.17540399681063,-1.41,0,0
1181,-0.17540399843512,-1.4095,0,0
1182,-0.17540400005961,-1.409,0,0
1183,-0.1754040016841,-1.4085,0,0
1184,-0.17540400330859,-1.408,0,0
1185,-0.17540400493308,-1.4075,0,0
1186,-0.17540400655757,-1.407,0,0
1187,-0.17540400818206,-1.4065,0,0
1188,-0.17540400980655,-1.406,0,0
1189,-0.17540401143104,-1.4055,0,0
1190,-0.17540401305554,-1.405,0,0
1191,-0.17540401468003,-1.4045,0,0
1192,-0.17540401630452,-1.404,0,0
1193,-0.17540401792901,-1.4035,0,0
1194,-0.1754040195535,-1.403,0,0
1195,-0.17540402117799,-1.4025,0,0
1196,-0.17540402280248,-1.402,0,0
1197,-0.17540402442697,-1.4015,0,0
1198,-0.17540402605146,-1.401,0,0
1199,-0.17540402767595,-1.4005,0,0
1200,-0.17540402930045,-1.4,0,0
1201,-0.17540403092494,-1.3995,0,0
1202,-0.17540403254943,-1.399,0,0
1203,-0.17540403417392,-1.3985,0,0
1204,-0.17540403579841,-1.398,0,0
1205,-0.1754040374229,-1.3975,0,0
1206,-0.17540403904739,-1.397,0,0
1207,-0.17540404067188,-1.3965,0,0
1208,-0.17540404229637,-1.396,0,0
1209,-0.17540404392087,-1.3955,0,0
1210,-0.17540404554536,-1.395,0,0
1211,-0.17540404716985,-1.3945,0,0
1212,-0.17540404879434,-1.394,0,0
1213,-0.17540405041883,-1.3935,0,0
1214,-0.17540405204332,-1.393,0,0
1215,-0.17540405366781,-1.3925,0,0
1216,-0.1754040552923,-1.392,0,0
1217,-0.17540405691679,-1.3915,0,0
1218,-0.17540405854128,-1.391,0,0
1219,-0.17540406016578,-1.3905,0,0
1220,-0.17540406179027,-1.39,0,0
1221,-0.17540406341476,-1.3895,0,0
1222,-0.17540406503925,-1.389,0,0
1223,-0.17540406666374,-1.3885,0,0
1224,-0.17540406828823,-1.388,0,0
1225,-0.17540406991272,-1.3875,0,0
1226,-0.17540407153721,-1.387,0,0
1227,-0.1754040731617,-1.3865,0,0
1228,-0.17540407478619,-1.386,0,0
1229,-0.17540407641069,-1.3855,0,0
1230,-0.17540407803518,-1.385,0,0
1231,-0.17540407965967,-1.3845,0,0
1232,-0.17540408128416,-1.384,0,0
1233,-0.17540408290865,-1.3835,0,0
1234,-0.17540408453314,-1.383,0,0
1235,-0.17540408615763,-1.3825,0,0
1236,-0.17540408778212,-1.382,0,0
1237,-0.17540408940661,-1.3815,0,0
1238,-0.1754040910311,-1.381,0,0
1239,-0.1754040926556,-1.3805,0,0
1240,-0.17540409428009,-1.38,0,0
1241,-0.17540409590458,-1.3795,0,0
1242,-0.17540409752907,-1.379,0,0
1243,-0.17540409915356,-1.3785,0,0
1244,-0.17540410077805,-1.378,0,0
1245,-0.17540410240254,-1.3775,0,0
1246,-0.17540410402703,-1.377,0,0
1247,-0.17540410565152,-1.3765,0,0
1248,-0.17540410727601,-1.376,0,0
1249,-0.17540410890051,-1.3755,0,0
1250,-0.175404110525,-1.375,0,0
1251,-0.17540411214949,-1.3745,0,0
1252,-0.17540411377398,-1.374,0,0
1253,-0.17540411539847,-1.3735,0,0
1254,-0.17540411702296,-1.373,0,0
1255,-0.17540411864745,-1.3725,0,0
1256,-0.17540412027194,-1.372,0,0
1257,-0.17540412189643,-1.3715,0,0
1258,-0.17540412352093,-1.371,0,0
1259,-0.17540412514542,-1.3705,0,0
1260,-0.17540412676991,-1.37,0,0
1261,-0.1754041283944,-1.3695,0,0
1262,-0.17540413001889,-1.369,0,0
1263,-0.17540413164338,-1.3685,0,0
1264,-0.17540413326787,-1.368,0,0
1265,-0.17540413489236,-1.3675,0,0
1266,-0.17540413651685,-1.367,0,0
1267,-0.17540413814134,-1.3665,0,0
1268,-0.17540413976584,-1.366,0,0
1269,-0.17540414139033,-1.3655,0,0
1270,-0.17540414301482,-1.365,0,0
1271,-0.17540414463931,-1.3645,0,0
1272,-0.1754041462638,-1.364,0,0
1273,-0.17540414788829,-1.3635,0,0
1274,-0.17540414951278,-1.363,0,0
1275,-0.17540415113727,-1.3625,0,0
1276,-0.17540415276176,-1.362,0,0
1277,-0.17540415438625,-1.3615,0,0
1278,-0.17540415601075,-1.361,0,0
1279,-0.17540415763524,-1.3605,0,0
1280,-0.17540415925973,-1.36,0,0
1281,-0.17540416088422,-1.3595,0,0
1282,-0.17540416250871,-1.359,0,0
1283,-0.1754041641332,-1.3585,0,0
1284,-0.17540416575769,-1.358,0,0
1285,-0.17540416738218,-1.3575,0,0
1286,-0.17540416900667,-1.357,0,0
1287,-0.17540417063116,-1.3565,0,0
1288,-0.17540417225566,-1.356,0,0
1289,-0.17540417388015,-1.3555,0,0
1290,-0.17540417550464,-1.355,0,0
1291,-0.17540417712913,-1.3545,0,0
1292,-0.17540417875362,-1.354,0,0
1293,-0.17540418037811,-1.3535,0,0
1294,-0.1754041820026,-1.353,0,0
1295,-0.17540418362709,-1.3525,0,0
1296,-0.17540418525158,-1.352,0,0
1297,-0.17540418687607,-1.3515,0,0
1298,-0.17540418850057,-1.351,0,0
1299,-0.17540419012506,-1.3505,0,0
1300,-0.17540419174955,-1.35,0,0
1301,-0.17540419337404,-1.3495,0,0
1302,-0.17540419499853,-1.349,0,0
1303,-0.17540419662302,-1.3485,0,0
1304,-0.17540419824751,-1.348,0,0
1305,-0.175404199872,-1.3475,0,0
1306,-0.17540420149649,-1.347,0,0
1307,-0.17540420312099,-1.3465,0,0
1308,-0.17540420474548,-1.346,0,0
1309,-0.17540420636997,-1.3455,0,0
1310,-0.17540420799446,-1.345,0,0
1311,-0.17540420961895,-1.3445,0,0
1312,-0.17540421124344,-1.344,0,0
1313,-0.17540421286793,-1.3435,0,0
1314,-0.17540421449242,-1.343,0,0
1315,-0.17540421611691,-1.3425,0,0
1316,-0.1754042177414,-1.342,0,0
1317,-0.1754042193659,-1.3415,0,0
1318,-0.17540422099039,-1.341,0,0
1319,-0.17540422261488,-1.3405,0,0
1320,-0.17540422423937,-1.34,0,0
1321,-0.17540422586386,-1.3395,0,0
1322,-0.17540422748835,-1.339,0,0
1323,-0.17540422911284,-1.3385,0,0
1324,-0.17540423073733,-1.338,0,0
1325,-0.17540423236182,-1.3375,0,0
1326,-0.17540423398631,-1.337,0,0
1327,-0.17540423561081,-1.3365,0,0
1328,-0.1754042372353,-1.336,0,0
1329,-0.17540423885979,-1.3355,0,0
1330,-0.17540424048428,-1.335,0,0
1331,-0.17540424210877,-1.3345,0,0
1332,-0.17540424373326,-1.334,0,0
1333,-0.17540424535775,-1.3335,0,0
1334,-0.17540424698224,-1.333,0,0
1335,-0.17540424860673,-1.3325,0,0
1336,-0.17540425023122,-1.332,0,0
1337,-0.17540425185572,-1.3315,0,0
1338,-0.17540425348021,-1.331,0,0
1339,-0.1754042551047,-1.3305,0,0
1340,-0.17540425672919,-1.33,0,0
1341,-0.17540425835368,-1.3295,0,0
1342,-0.17540425997817,-1.329,0,0
1343,-0.17540426160266,-1.3285,0,0
1344,-0.17540426322715,-1.328,0,0
1345,-0.17540426485164,-1.3275,0,0
1346,-0.17540426647613,-1.327,0,0
1347,-0.17540426810063,-1.3265,0,0
1348,-0.17540426972512,-1.326,0,0
1349,-0.17540427134961,-1.3255,0,0
1350,-0.1754042729741,-1.325,0,0
1351,-0.17540427459859,-1.3245,0,0
1352,-0.17540427622308,-1.324,0,0
1353,-0.17540427784757,-1.3235,0,0
1354,-0.17540427947206,-1.323,0,0
1355,-0.17540428109655,-1.3225,0,0
1356,-0.17540428272105,-1.322,0,0
1357,-0.17540428434554,-1.3215,0,0
1358,-0.17540428597003,-1.321,0,0
1359,-0.17540428759452,-1.3205,0,0
1360,-0.17540428921901,-1.32,0,0
1361,-0.1754042908435,-1.3195,0,0
1362,-0.17540429246799,-1.319,0,0
1363,-0.17540429409248,-1.3185,0,0
1364,-0.17540429571697,-1.318,0,0
1365,-0.17540429734146,-1.3175,0,0
1366,-0.17540429896596,-1.317,0,0
1367,-0.17540430059045,-1.3165,0,0
1368,-0.17540430221494,-1.316,0,0
1369,-0.17540430383943,-1.3155,0,0
1370,-0.17540430546392,-1.315,0,0
1371,-0.17540430708841,-1.3145,0,0
1372,-0.1754043087129,-1.314,0,0
1373,-0.17540431033739,-1.3135,0,0
1374,-0.17540431196188,-1.313,0,0
1375,-0.17540431358637,-1.3125,0,0
1376,-0.17540431521087,-1.312,0,0
1377,-0.17540431683536,-1.3115,0,0
1378,-0.17540431845985,-1.311,0,0
1379,-0.17540432008434,-1.3105,0,0
1380,-0.17540432170883,-1.31,0,0
1381,-0.17540432333332,-1.3095,0,0
1382,-0.17540432495781,-1.309,0,0
1383,-0.1754043265823,-1.3085,0,0
1384,-0.17540432820679,-1.308,0,0
1385,-0.17540432983128,-1.3075,0,0
1386,-0.17540433145578,-1.307,0,0
1387,-0.17540433308027,-1.3065,0,0
1388,-0.17540433470476,-1.306,0,0
1389,-0.17540433632925,-1.3055,0,0
1390,-0.17540433795374,-1.305,0,0
1391,-0.17540433957823,-1.3045,0,0
1392,-0.17540434120272,-1.304,0,0
1393,-0.17540434282721,-1.3035,0,0
1394,-0.1754043444517,-1.303,0,0
1395,-0.17540434607619,-1.3025,0,0
1396,-0.17540434770069,-1.302,0,0
1397,-0.17540434932518,-1.3015,0,0
1398,-0.17540435094967,-1.301,0,0
1399,-0.17540435257416,-1.3005,0,0
1400,-0.17540435419865,-1.3,0,0
1401,-0.17540435582314,-1.2995,0,0
1402,-0.17540435744763,-1.299,0,0
1403,-0.17540435907212,-1.2985,0,0
1404,-0.17540436069661,-1.298,0,0
1405,-0.17540436232111,-1.2975,0,0
1406,-0.1754043639456,-1.297,0,0
1407,-0.17540436557009,-1.2965,0,0
1408,-0.17540436719458,-1.296,0,0
1409,-0.17540436881907,-1.2955,0,0
1410,-0.17540437044356,-1.295,0,0
1411,-0.17540437206805,-1.2945,0,0
1412,-0.17540437369254,-1.294,0,0
1413,-0.17540437531703,-1.2935,0,0
1414,-0.17540437694152,-1.293,0,0
1415,-0.17540437856602,-1.2925,0,0
1416,-0.17540438019051,-1.292,0,0
1417,-0.175404381815,-1.2915,0,0
1418,-0.17540438343949,-1.291,0,0
1419,-0.17540438506398,-1.2905,0,0
1420,-0.17540438668847,-1.29,0,0
1421,-0.17540438831296,-1.2895,0,0
1422,-0.17540438993745,-1.289,0,0
1423,-0.17540439156194,-1.2885,0,0
1424,-0.17540439318643,-1.288,0,0
1425,-0.17540439481093,-1.2875,0,0
1426,-0.17540439643542,-1.287,0,0
1427,-0.17540439805991,-1.2865,0,0
1428,-0.1754043996844,-1.286,0,0
1429,-0.17540440130889,-1.2855,0,0
1430,-0.17540440293338,-1.285,0,0
1431,-0.17540440455787,-1.2845,0,0
1432,-0.17540440618236,-1.284,0,0
1433,-0.17540440780685,-1.2835,0,0
1434,-0.17540440943134,-1.283,0,0
1435,-0.17540441105584,-1.2825,0,0
1436,-0.17540441268033,-1.282,0,0
1437,-0.17540441430482,-1.2815,0,0
1438,-0.17540441592931,-1.281,0,0
1439,-0.1754044175538,-1.2805,0,0
1440,-0.17540441917829,-1.28,0,0
1441,-0.17540442080278,-1.2795,0,0
1442,-0.17540442242727,-1.279,0,0
1443,-0.17540442405176,-1.2785,0,0
1444,-0.17540442567625,-1.278,0,0
1445,-0.17540442730075,-1.2775,0,0
1446,-0.17540442892524,-1.277,0,0
1447,-0.17540443054973,-1.2765,0,0
1448,-0.17540443217422,-1.276,0,0
1449,-0.17540443379871,-1.2755,0,0
1450,-0.1754044354232,-1.275,0,0
1451,-0.17540443704769,-1.2745,0,0
1452,-0.17540443867218,-1.274,0,0
1453,-0.17540444029667,-1.2735,0,0
1454,-0.17540444192117,-1.273,0,0
1455,-0.17540444354566,-1.2725,0,0
1456,-0.17540444517015,-1.272,0,0
1457,-0.17540444679464,-1.2715,0,0
1458,-0.17540444841913,-1.271,0,0
1459,-0.17540445004362,-1.2705,0,0
1460,-0.17540445166811,-1.27,0,0
1461,-0.1754044532926,-1.2695,0,0
1462,-0.17540445491709,-1.269,0,0
1463,-0.17540445654158,-1.2685,0,0
1464,-0.17540445816608,-1.268,0,0
1465,-0.17540445979057,-1.2675,0,0
1466,-0.17540446141506,-1.267,0,0
1467,-0.17540446303955,-1.2665,0,0
1468,-0.17540446466404,-1.266,0,0
1469,-0.17540446628853,-1.2655,0,0
1470,-0.17540446791302,-1.265,0,0
1471,-0.17540446953751,-1.2645,0,0
1472,-0.175404471162,-1.264,0,0
1473,-0.17540447278649,-1.2635,0,0
1474,-0.17540447441099,-1.263,0,0
1475,-0.17540447603548,-1.2625,0,0
1476,-0.17540447765997,-1.262,0,0
1477,-0.17540447928446,-1.2615,0,0
1478,-0.17540448090895,-1.261,0,0
1479,-0.17540448253344,-1.2605,0,0
1480,-0.17540448415793,-1.26,0,0
1481,-0.17540448578242,-1.2595,0,0
1482,-0.17540448740691,-1.259,0,0
1483,-0.1754044890314,-1.2585,0,0
1484,-0.1754044906559,-1.258,0,0
1485,-0.17540449228039,-1.2575,0,0
1486,-0.17540449390488,-1.257,0,0
1487,-0.17540449552937,-1.2565,0,0
1488,-0.17540449715386,-1.256,0,0
1489,-0.17540449877835,-1.2555,0,0
1490,-0.17540450040284,-1.255,0,0
1491,-0.17540450202733,-1.2545,0,0
1492,-0.17540450365182,-1.254,0,0
1493,-0.17540450527632,-1.2535,0,0
1494,-0.17540450690081,-1.253,0,0
1495,-0.1754045085253,-1.2525,0,0
1496,-0.17540451014979,-1.252,0,0
1497,-0.17540451177428,-1.2515,0,0
1498,-0.17540451339877,-1.251,0,0
1499,-0.17540451502326,-1.2505,0,0
1500,-0.17540451664775,-1.25,0,0
1501,-0.17540451827224,-1.2495,0,0
1502,-0.17540451989673,-1.249,0,0
1503,-0.17540452152123,-1.2485,0,0
1504,-0.17540452314572,-1.248,0,0
1505,-0.17540452477021,-1.2475,0,0
1506,-0.1754045263947,-1.247,0,0
1507,-0.17540452801919,-1.2465,0,0
1508,-0.17540452964368,-1.246,0,0
1509,-0.17540453126817,-1.2455,0,0
1510,-0.17540453289266,-1.245,0,0
1511,-0.17540453451715,-1.2445,0,0
1512,-0.17540453614164,-1.244,0,0
1513,-0.17540453776614,-1.2435,0,0
1514,-0.17540453939063,-1.243,0,0
1515,-0.17540454101512,-1.2425,0,0
1516,-0.17540454263961,-1.242,0,0
1517,-0.1754045442641,-1.2415,0,0
1518,-0.17540454588859,-1.241,0,0
1519,-0.17540454751308,-1.2405,0,0
1520,-0.17540454913757,-1.24,0,0
1521,-0.17540455076206,-1.2395,0,0
1522,-0.17540455238655,-1.239,0,0
1523,-0.17540455401105,-1.2385,0,0
1524,-0.17540455563554,-1.238,0,0
1525,-0.17540455726003,-1.2375,0,0
1526,-0.17540455888452,-1.237,0,0
1527,-0.17540456050901,-1.2365,0,0
1528,-0.1754045621335,-1.236,0,0
1529,-0.17540456375799,-1.2355,0,0
1530,-0.17540456538248,-1.235,0,0
1531,-0.17540456700697,-1.2345,0,0
1532,-0.17540456863146,-1.234,0,0
1533,-0.17540457025596,-1.2335,0,0
1534,-0.17540457188045,-1.233,0,0
1535,-0.17540457350494,-1.2325,0,0
1536,-0.17540457512943,-1.232,0,0
1537,-0.17540457675392,-1.2315,0,0
1538,-0.17540457837841,-1.231,0,0
1539,-0.1754045800029,-1.2305,0,0
1540,-0.17540458162739,-1.23,0,0
1541,-0.17540458325188,-1.2295,0,0
1542,-0.17540458487638,-1.229,0,0
1543,-0.17540458650087,-1.2285,0,0
1544,-0.17540458812536,-1.228,0,0
1545,-0.17540458974985,-1.2275,0,0
1546,-0.17540459137434,-1.227,0,0
1547,-0.17540459299883,-1.2265,0,0
1548,-0.17540459462332,-1.226,0,0
1549,-0.17540459624781,-1.2255,0,0
1550,-0.1754045978723,-1.225,0,0
1551,-0.17540459949679,-1.2245,0,0
1552,-0.17540460112129,-1.224,0,0
1553,-0.17540460274578,-1.2235,0,0
1554,-0.17540460437027,-1.223,0,0
1555,-0.17540460599476,-1.2225,0,0
1556,-0.17540460761925,-1.222,0,0
1557,-0.17540460924374,-1.2215,0,0
1558,-0.17540461086823,-1.221,0,0
1559,-0.17540461249272,-1.2205,0,0
1560,-0.17540461411721,-1.22,0,0
1561,-0.1754046157417,-1.2195,0,0
1562,-0.1754046173662,-1.219,0,0
1563,-0.17540461899069,-1.2185,0,0
1564,-0.17540462061518,-1.218,0,0
1565,-0.17540462223967,-1.2175,0,0
1566,-0.17540462386416,-1.217,0,0
1567,-0.17540462548865,-1.2165,0,0
1568,-0.17540462711314,-1.216,0,0
1569,-0.17540462873763,-1.2155,0,0
1570,-0.17540463036212,-1.215,0,0
1571,-0.17540463198661,-1.2145,0,0
1572,-0.17540463361111,-1.214,0,0
1573,-0.1754046352356,-1.2135,0,0
1574,-0.17540463686009,-1.213,0,0
1575,-0.17540463848458,-1.2125,0,0
1576,-0.17540464010907,-1.212,0,0
1577,-0.17540464173356,-1.2115,0,0
1578,-0.17540464335805,-1.211,0,0
1579,-0.17540464498254,-1.2105,0,0
1580,-0.17540464660703,-1.21,0,0
1581,-0.17540464823152,-1.2095,0,0
1582,-0.17540464985602,-1.209,0,0
1583,-0.17540465148051,-1.2085,0,0
1584,-0.175404653105,-1.208,0,0
1585,-0.17540465472949,-1.2075,0,0
1586,-0.17540465635398,-1.207,0,0
1587,-0.17540465797847,-1.2065,0,0
1588,-0.17540465960296,-1.206,0,0
1589,-0.17540466122745,-1.2055,0,0
1590,-0.17540466285194,-1.205,0,0
1591,-0.17540466447644,-1.2045,0,0
1592,-0.17540466610093,-1.204,0,0
1593,-0.17540466772542,-1.2035,0,0
1594,-0.17540466934991,-1.203,0,0
1595,-0.1754046709744,-1.2025,0,0
1596,-0.17540467259889,-1.202,0,0
1597,-0.17540467422338,-1.2015,0,0
1598,-0.17540467584787,-1.201,0,0
1599,-0.17540467747236,-1.2005,0,0
1600,-0.17540467909685,-1.2,0,0
1601,-0.17540468072135,-1.1995,0,0
1602,-0.17540468234584,-1.199,0,0
1603,-0.17540468397033,-1.1985,0,0
1604,-0.17540468559482,-1.198,0,0
1605,-0.17540468721931,-1.1975,0,0
1606,-0.1754046888438,-1.197,0,0
1607,-0.17540469046829,-1.1965,0,0
1608,-0.17540469209278,-1.196,0,0
1609,-0.17540469371727,-1.1955,0,0
1610,-0.17540469534176,-1.195,0,0
1611,-0.17540469696626,-1.1945,0,0
1612,-0.17540469859075,-1.194,0,0
1613,-0.17540470021524,-1.1935,0,0
1614,-0.17540470183973,-1.193,0,0
1615,-0.17540470346422,-1.1925,0,0
1616,-0.17540470508871,-1.192,0,0
1617,-0.1754047067132,-1.1915,0,0
1618,-0.17540470833769,-1.191,0,0
1619,-0.17540470996218,-1.1905,0,0
1620,-0.17540471158667,-1.19,0,0
1621,-0.17540471321117,-1.1895,0,0
1622,-0.17540471483566,-1.189,0,0
1623,-0.17540471646015,-1.1885,0,0
1624,-0.17540471808464,-1.188,0,0
1625,-0.17540471970913,-1.1875,0,0
1626,-0.17540472133362,-1.187,0,0
1627,-0.17540472295811,-1.1865,0,0
1628,-0.1754047245826,-1.186,0,0
1629,-0.17540472620709,-1.1855,0,0
1630,-0.17540472783158,-1.185,0,0
1631,-0.17540472945608,-1.1845,0,0
1632,-0.17540473108057,-1.184,0,0
1633,-0.17540473270506,-1.1835,0,0
1634,-0.17540473432955,-1.183,0,0
1635,-0.17540473595404,-1.1825,0,0
1636,-0.17540473757853,-1.182,0,0
1637,-0.17540473920302,-1.1815,0,0
1638,-0.17540474082751,-1.181,0,0
1639,-0.175404742452,-1.1805,0,0
1640,-0.1754047440765,-1.18,0,0
1641,-0.17540474570099,-1.1795,0,0
1642,-0.17540474732548,-1.179,0,0
1643,-0.17540474894997,-1.1785,0,0
1644,-0.17540475057446,-1.178,0,0
1645,-0.17540475219895,-1.1775,0,0
1646,-0.17540475382344,-1.177,0,0
1647,-0.17540475544793,-1.1765,0,0
1648,-0.17540475707242,-1.176,0,0
1649,-0.17540475869691,-1.1755,0,0
1650,-0.17540476032141,-1.175,0,0
1651,-0.1754047619459,-1.1745,0,0
1652,-0.17540476357039,-1.174,0,0
1653,-0.17540476519488,-1.1735,0,0
1654,-0.17540476681937,-1.173,0,0
1655,-0.17540476844386,-1.1725,0,0
1656,-0.17540477006835,-1.172,0,0
1657,-0.17540477169284,-1.1715,0,0
1658,-0.17540477331733,-1.171,0,0
1659,-0.17540477494182,-1.1705,0,0
1660,-0.17540477656632,-1.17,0,0
1661,-0.17540477819081,-1.1695,0,0
1662,-0.1754047798153,-1.169,0,0
1663,-0.17540478143979,-1.1685,0,0
1664,-0.17540478306428,-1.168,0,0
1665,-0.17540478468877,-1.1675,0,0
1666,-0.17540478631326,-1.167,0,0
1667,-0.17540478793775,-1.1665,0,0
1668,-0.17540478956224,-1.166,0,0
1669,-0.17540479118673,-1.1655,0,0
1670,-0.17540479281123,-1.165,0,0
1671,-0.17540479443572,-1.1645,0,0
1672,-0.17540479606021,-1.164,0,0
1673,-0.1754047976847,-1.1635,0,0
1674,-0.17540479930919,-1.163,0,0
1675,-0.17540480093368,-1.1625,0,0
1676,-0.17540480255817,-1.162,0,0
1677,-0.17540480418266,-1.1615,0,0
1678,-0.17540480580715,-1.161,0,0
1679,-0.17540480743164,-1.1605,0,0
1680,-0.17540480905614,-1.16,0,0
1681,-0.17540481068063,-1.1595,0,0
1682,-0.17540481230512,-1.159,0,0
1683,-0.17540481392961,-1.1585,0,0
1684,-0.1754048155541,-1.158,0,0
1685,-0.17540481717859,-1.1575,0,0
1686,-0.17540481880308,-1.157,0,0
1687,-0.17540482042757,-1.1565,0,0
1688,-0.17540482205206,-1.156,0,0
1689,-0.17540482367656,-1.1555,0,0
1690,-0.17540482530105,-1.155,0,0
1691,-0.17540482692554,-1.1545,0,0
1692,-0.17540482855003,-1.154,0,0
1693,-0.17540483017452,-1.1535,0,0
1694,-0.17540483179901,-1.153,0,0
1695,-0.1754048334235,-1.1525,0,0
1696,-0.17540483504799,-1.152,0,0
1697,-0.17540483667248,-1.1515,0,0
1698,-0.17540483829697,-1.151,0,0
1699,-0.17540483992147,-1.1505,0,0
1700,-0.17540484154596,-1.15,0,0
1701,-0.17540484317045,-1.1495,0,0
1702,-0.17540484479494,-1.149,0,0
1703,-0.17540484641943,-1.1485,0,0
1704,-0.17540484804392,-1.148,0,0
1705,-0.17540484966841,-1.1475,0,0
1706,-0.1754048512929,-1.147,0,0
1707,-0.17540485291739,-1.1465,0,0
1708,-0.17540485454188,-1.146,0,0
1709,-0.17540485616638,-1.1455,0,0
1710,-0.17540485779087,-1.145,0,0
1711,-0.17540485941536,-1.1445,0,0
1712,-0.17540486103985,-1.144,0,0
1713,-0.17540486266434,-1.1435,0,0
1714,-0.17540486428883,-1.143,0,0
1715,-0.17540486591332,-1.1425,0,0
1716,-0.17540486753781,-1.142,0,0
1717,-0.1754048691623,-1.1415,0,0
1718,-0.17540487078679,-1.141,0,0
1719,-0.17540487241129,-1.1405,0,0
1720,-0.17540487403578,-1.14,0,0
1721,-0.17540487566027,-1.1395,0,0
1722,-0.17540487728476,-1.139,0,0
1723,-0.17540487890925,-1.1385,0,0
1724,-0.17540488053374,-1.138,0,0
1725,-0.17540488215823,-1.1375,0,0
1726,-0.17540488378272,-1.137,0,0
1727,-0.17540488540721,-1.1365,0,0
1728,-0.17540488703171,-1.136,0,0
1729,-0.1754048886562,-1.1355,0,0
1730,-0.17540489028069,-1.135,0,0
1731,-0.17540489190518,-1.1345,0,0
1732,-0.17540489352967,-1.134,0,0
1733,-0.17540489515416,-1.1335,0,0
1734,-0.17540489677865,-1.133,0,0
1735,-0.17540489840314,-1.1325,0,0
1736,-0.17540490002763,-1.132,0,0
1737,-0.17540490165212,-1.1315,0,0
1738,-0.17540490327662,-1.131,0,0
1739,-0.17540490490111,-1.1305,0,0
1740,-0.1754049065256,-1.13,0,0
1741,-0.17540490815009,-1.1295,0,0
1742,-0.17540490977458,-1.129,0,0
1743,-0.17540491139907,-1.1285,0,0
1744,-0.17540491302356,-1.128,0,0
1745,-0.17540491464805,-1.1275,0,0
1746,-0.17540491627254,-1.127,0,0
1747,-0.17540491789703,-1.1265,0,0
1748,-0.17540491952153,-1.126,0,0
1749,-0.17540492114602,-1.1255,0,0
1750,-0.17540492277051,-1.125,0,0
1751,-0.175404924395,-1.1245,0,0
1752,-0.17540492601949,-1.124,0,0
1753,-0.17540492764398,-1.1235,0,0
1754,-0.17540492926847,-1.123,0,0
1755,-0.17540493089296,-1.1225,0,0
1756,-0.17540493251745,-1.122,0,0
1757,-0.17540493414194,-1.1215,0,0
1758,-0.17540493576644,-1.121,0,0
1759,-0.17540493739093,-1.1205,0,0
1760,-0.17540493901542,-1.12,0,0
1761,-0.17540494063991,-1.1195,0,0
1762,-0.1754049422644,-1.119,0,0
1763,-0.17540494388889,-1.1185,0,0
1764,-0.17540494551338,-1.118,0,0
1765,-0.17540494713787,-1.1175,0,0
1766,-0.17540494876236,-1.117,0,0
1767,-0.17540495038685,-1.1165,0,0
1768,-0.17540495201135,-1.116,0,0
1769,-0.17540495363584,-1.1155,0,0
1770,-0.17540495526033,-1.115,0,0
1771,-0.17540495688482,-1.1145,0,0
1772,-0.17540495850931,-1.114,0,0
1773,-0.1754049601338,-1.1135,0,0
1774,-0.17540496175829,-1.113,0,0
1775,-0.17540496338278,-1.1125,0,0
1776,-0.17540496500727,-1.112,0,0
1777,-0.17540496663177,-1.1115,0,0
1778,-0.17540496825626,-1.111,0,0
1779,-0.17540496988075,-1.1105,0,0
1780,-0.17540497150524,-1.11,0,0
1781,-0.17540497312973,-1.1095,0,0
1782,-0.17540497475422,-1.109,0,0
1783,-0.17540497637871,-1.1085,0,0
1784,-0.1754049780032,-1.108,0,0
1785,-0.17540497962769,-1.1075,0,0
1786,-0.17540498125218,-1.107,0,0
1787,-0.17540498287668,-1.1065,0,0
1788,-0.17540498450117,-1.106,0,0
1789,-0.17540498612566,-1.1055,0,0
1790,-0.17540498775015,-1.105,0,0
1791,-0.17540498937464,-1.1045,0,0
1792,-0.17540499099913,-1.104,0,0
1793,-0.17540499262362,-1.1035,0,0
1794,-0.17540499424811,-1.103,0,0
1795,-0.1754049958726,-1.1025,0,0
1796,-0.17540499749709,-1.102,0,0
1797,-0.17540499912159,-1.1015,0,0
1798,-0.17540500074608,-1.101,0,0
1799,-0.17540500237057,-1.1005,0,0
1800,-0.17540500399506,-1.1,0,0
1801,-0.17540500561955,-1.0995,0,0
1802,-0.17540500724404,-1.099,0,0
1803,-0.17540500886853,-1.0985,0,0
1804,-0.17540501049302,-1.098,0,0
1805,-0.17540501211751,-1.0975,0,0
1806,-0.175405013742,-1.097,0,0
1807,-0.1754050153665,-1.0965,0,0
1808,-0.17540501699099,-1.096,0,0
1809,-0.17540501861548,-1.0955,0,0
1810,-0.17540502023997,-1.095,0,0
1811,-0.17540502186446,-1.0945,0,0
1812,-0.17540502348895,-1.094,0,0
1813,-0.17540502511344,-1.0935,0,0
1814,-0.17540502673793,-1.093,0,0
1815,-0.17540502836242,-1.0925,0,0
1816,-0.17540502998692,-1.092,0,0
1817,-0.17540503161141,-1.0915,0,0
1818,-0.1754050332359,-1.091,0,0
1819,-0.17540503486039,-1.0905,0,0
1820,-0.17540503648488,-1.09,0,0
1821,-0.17540503810937,-1.0895,0,0
1822,-0.17540503973386,-1.089,0,0
1823,-0.17540504135835,-1.0885,0,0
1824,-0.17540504298284,-1.088,0,0
1825,-0.17540504460733,-1.0875,0,0
1826,-0.17540504623183,-1.087,0,0
1827,-0.17540504785632,-1.0865,0,0
1828,-0.17540504948081,-1.086,0,0
1829,-0.1754050511053,-1.0855,0,0
1830,-0.17540505272979,-1.085,0,0
1831,-0.17540505435428,-1.0845,0,0
1832,-0.17540505597877,-1.084,0,0
1833,-0.17540505760326,-1.0835,0,0
1834,-0.17540505922775,-1.083,0,0
1835,-0.17540506085224,-1.0825,0,0
1836,-0.17540506247674,-1.082,0,0
1837,-0.17540506410123,-1.0815,0,0
1838,-0.17540506572572,-1.081,0,0
1839,-0.17540506735021,-1.0805,0,0
1840,-0.1754050689747,-1.08,0,0
1841,-0.17540507059919,-1.0795,0,0
1842,-0.17540507222368,-1.079,0,0
1843,-0.17540507384817,-1.0785,0,0
1844,-0.17540507547266,-1.078,0,0
1845,-0.17540507709715,-1.0775,0,0
1846,-0.17540507872165,-1.077,0,0
1847,-0.17540508034614,-1.0765,0,0
1848,-0.17540508197063,-1.076,0,0
1849,-0.17540508359512,-1.0755,0,0
1850,-0.17540508521961,-1.075,0,0
1851,-0.1754050868441,-1.0745,0,0
1852,-0.17540508846859,-1.074,0,0
1853,-0.17540509009308,-1.0735,0,0
1854,-0.17540509171757,-1.073,0,0
1855,-0.17540509334206,-1.0725,0,0
1856,-0.17540509496656,-1.072,0,0
1857,-0.17540509659105,-1.0715,0,0
1858,-0.17540509821554,-1.071,0,0
1859,-0.17540509984003,-1.0705,0,0
1860,-0.17540510146452,-1.07,0,0
1861,-0.17540510308901,-1.0695,0,0
1862,-0.1754051047135,-1.069,0,0
1863,-0.17540510633799,-1.0685,0,0
1864,-0.17540510796248,-1.068,0,0
1865,-0.17540510958698,-1.0675,0,0
1866,-0.17540511121147,-1.067,0,0
1867,-0.17540511283596,-1.0665,0,0
1868,-0.17540511446045,-1.066,0,0
1869,-0.17540511608494,-1.0655,0,0
1870,-0.17540511770943,-1.065,0,0
1871,-0.17540511933392,-1.0645,0,0
1872,-0.17540512095841,-1.064,0,0
1873,-0.1754051225829,-1.0635,0,0
1874,-0.17540512420739,-1.063,0,0
1875,-0.17540512583189,-1.0625,0,0
1876,-0.17540512745638,-1.062,0,0
1877,-0.17540512908087,-1.0615,0,0
1878,-0.17540513070536,-1.061,0,0
1879,-0.17540513232985,-1.0605,0,0
1880,-0.17540513395434,-1.06,0,0
1881,-0.17540513557883,-1.0595,0,0
1882,-0.17540513720332,-1.059,0,0
1883,-0.17540513882781,-1.0585,0,0
1884,-0.1754051404523,-1.058,0,0
1885,-0.1754051420768,-1.0575,0,0
1886,-0.17540514370129,-1.057,0,0
1887,-0.17540514532578,-1.0565,0,0
1888,-0.17540514695027,-1.056,0,0
1889,-0.17540514857476,-1.0555,0,0
1890,-0.17540515019925,-1.055,0,0
1891,-0.17540515182374,-1.0545,0,0
1892,-0.17540515344823,-1.054,0,0
1893,-0.17540515507272,-1.0535,0,0
1894,-0.17540515669721,-1.053,0,0
1895,-0.17540515832171,-1.0525,0,0
1896,-0.1754051599462,-1.052,0,0
1897,-0.17540516157069,-1.0515,0,0
1898,-0.17540516319518,-1.051,0,0
1899,-0.17540516481967,-1.0505,0,0
1900,-0.17540516644416,-1.05,0,0
1901,-0.17540516806865,-1.0495,0,0
1902,-0.17540516969314,-1.049,0,0
1903,-0.17540517131763,-1.0485,0,0
1904,-0.17540517294212,-1.048,0,0
1905,-0.17540517456662,-1.0475,0,0
1906,-0.17540517619111,-1.047,0,0
1907,-0.1754051778156,-1.0465,0,0
1908,-0.17540517944009,-1.046,0,0
1909,-0.17540518106458,-1.0455,0,0
1910,-0.17540518268907,-1.045,0,0
1911,-0.17540518431356,-1.0445,0,0
1912,-0.17540518593805,-1.044,0,0
1913,-0.17540518756254,-1.0435,0,0
1914,-0.17540518918704,-1.043,0,0
1915,-0.17540519081153,-1.0425,0,0
1916,-0.17540519243602,-1.042,0,0
1917,-0.17540519406051,-1.0415,0,0
1918,-0.175405195685,-1.041,0,0
1919,-0.17540519730949,-1.0405,0,0
1920,-0.17540519893398,-1.04,0,0
1921,-0.17540520055847,-1.0395,0,0
1922,-0.17540520218296,-1.039,0,0
1923,-0.17540520380745,-1.0385,0,0
1924,-0.17540520543195,-1.038,0,0
1925,-0.17540520705644,-1.0375,0,0
1926,-0.17540520868093,-1.037,0,0
1927,-0.17540521030542,-1.0365,0,0
1928,-0.17540521192991,-1.036,0,0
1929,-0.1754052135544,-1.0355,0,0
1930,-0.17540521517889,-1.035,0,0
1931,-0.17540521680338,-1.0345,0,0
1932,-0.17540521842787,-1.034,0,0
1933,-0.17540522005236,-1.0335,0,0
1934,-0.17540522167686,-1.033,0,0
1935,-0.17540522330135,-1.0325,0,0
1936,-0.17540522492584,-1.032,0,0
1937,-0.17540522655033,-1.0315,0,0
1938,-0.17540522817482,-1.031,0,0
1939,-0.17540522979931,-1.0305,0,0
1940,-0.1754052314238,-1.03,0,0
1941,-0.17540523304829,-1.0295,0,0
1942,-0.17540523467278,-1.029,0,0
1943,-0.17540523629727,-1.0285,0,0
1944,-0.17540523792177,-1.028,0,0
1945,-0.17540523954626,-1.0275,0,0
1946,-0.17540524117075,-1.027,0,0
1947,-0.17540524279524,-1.0265,0,0
1948,-0.17540524441973,-1.026,0,0
1949,-0.17540524604422,-1.0255,0,0
1950,-0.17540524766871,-1.025,0,0
1951,-0.1754052492932,-1.0245,0,0
1952,-0.17540525091769,-1.024,0,0
1953,-0.17540525254218,-1.0235,0,0
1954,-0.17540525416668,-1.023,0,0
1955,-0.17540525579117,-1.0225,0,0
1956,-0.17540525741566,-1.022,0,0
1957,-0.17540525904015,-1.0215,0,0
1958,-0.17540526066464,-1.021,0,0
1959,-0.17540526228913,-1.0205,0,0
1960,-0.17540526391362,-1.02,0,0
1961,-0.17540526553811,-1.0195,0,0
1962,-0.1754052671626,-1.019,0,0
1963,-0.1754052687871,-1.0185,0,0
1964,-0.17540527041159,-1.018,0,0
1965,-0.17540527203608,-1.0175,0,0
1966,-0.17540527366057,-1.017,0,0
1967,-0.17540527528506,-1.0165,0,0
1968,-0.17540527690955,-1.016,0,0
1969,-0.17540527853404,-1.0155,0,0
1970,-0.17540528015853,-1.015,0,0
1971,-0.17540528178302,-1.0145,0,0
1972,-0.17540528340751,-1.014,0,0
1973,-0.17540528503201,-1.0135,0,0
1974,-0.1754052866565,-1.013,0,0
1975,-0.17540528828099,-1.0125,0,0
1976,-0.17540528990548,-1.012,0,0
1977,-0.17540529152997,-1.0115,0,0
1978,-0.17540529315446,-1.011,0,0
1979,-0.17540529477895,-1.0105,0,0
1980,-0.17540529640344,-1.01,0,0
1981,-0.17540529802793,-1.0095,0,0
1982,-0.17540529965242,-1.009,0,0
1983,-0.17540530127692,-1.0085,0,0
1984,-0.17540530290141,-1.008,0,0
1985,-0.1754053045259,-1.0075,0,0
1986,-0.17540530615039,-1.007,0,0
1987,-0.17540530777488,-1.0065,0,0
1988,-0.17540530939937,-1.006,0,0
1989,-0.17540531102386,-1.0055,0,0
1990,-0.17540531264835,-1.005,0,0
1991,-0.17540531427284,-1.0045,0,0
1992,-0.17540531589733,-1.004,0,0
1993,-0.17540531752183,-1.0035,0,0
1994,-0.17540531914632,-1.003,0,0
1995,-0.17540532077081,-1.0025,0,0
1996,-0.1754053223953,-1.002,0,0
1997,-0.17540532401979,-1.0015,0,0
1998,-0.17540532564428,-1.001,0,0
1999,-0.17540532726877,-1.0005,0,0
2000,-0.17540532889326,-1,0,0
2001,-0.17540533051775,-0.9995,0,0
2002,-0.17540533214224,-0.999,0,0
2003,-0.17540533376674,-0.9985,0,0
2004,-0.17540533539123,-0.998,0,0
2005,-0.17540533701572,-0.9975,0,0
2006,-0.17540533864021,-0.997,0,0
2007,-0.1754053402647,-0.9965,0,0
2008,-0.17540534188919,-0.996,0,0
2009,-0.17540534351368,-0.9955,0,0
2010,-0.17540534513817,-0.995,0,0
2011,-0.17540534676266,-0.9945,0,0
2012,-0.17540534838716,-0.994,0,0
2013,-0.17540535001165,-0.9935,0,0
2014,-0.17540535163614,-0.993,0,0
2015,-0.17540535326063,-0.9925,0,0
2016,-0.17540535488512,-0.992,0,0
2017,-0.17540535650961,-0.9915,0,0
2018,-0.1754053581341,-0.991,0,0
2019,-0.17540535975859,-0.9905,0,0
2020,-0.17540536138308,-0.99,0,0
2021,-0.17540536300757,-0.9895,0,0
2022,-0.17540536463207,-0.989,0,0
2023,-0.17540536625656,-0.9885,0,0
2024,-0.17540536788105,-0.988,0,0
2025,-0.17540536950554,-0.9875,0,0
2026,-0.17540537113003,-0.987,0,0
2027,-0.17540537275452,-0.9865,0,0
2028,-0.17540537437901,-0.986,0,0
2029,-0.1754053760035,-0.9855,0,0
2030,-0.17540537762799,-0.985,0,0
2031,-0.17540537925248,-0.9845,0,0
2032,-0.17540538087698,-0.984,0,0
2033,-0.17540538250147,-0.9835,0,0
2034,-0.17540538412596,-0.983,0,0
2035,-0.17540538575045,-0.9825,0,0
2036,-0.17540538737494,-0.982,0,0
2037,-0.17540538899943,-0.9815,0,0
2038,-0.17540539062392,-0.981,0,0
2039,-0.17540539224841,-0.9805,0,0
2040,-0.1754053938729,-0.98,0,0
2041,-0.17540539549739,-0.9795,0,0
2042,-0.17540539712189,-0.979,0,0
2043,-0.17540539874638,-0.9785,0,0
2044,-0.17540540037087,-0.978,0,0
2045,-0.17540540199536,-0.9775,0,0
2046,-0.17540540361985,-0.977,0,0
2047,-0.17540540524434,-0.9765,0,0
2048,-0.17540540686883,-0.976,0,0
2049,-0.17540540849332,-0.9755,0,0
2050,-0.17540541011781,-0.975,0,0
2051,-0.17540541174231,-0.9745,0,0
2052,-0.1754054133668,-0.974,0,0
2053,-0.17540541499129,-0.9735,0,0
2054,-0.17540541661578,-0.973,0,0
2055,-0.17540541824027,-0.9725,0,0
2056,-0.17540541986476,-0.972,0,0
2057,-0.17540542148925,-0.9715,0,0
2058,-0.17540542311374,-0.971,0,0
2059,-0.17540542473823,-0.9705,0,0
2060,-0.17540542636272,-0.97,0,0
2061,-0.17540542798722,-0.9695,0,0
2062,-0.17540542961171,-0.969,0,0
2063,-0.1754054312362,-0.9685,0,0
2064,-0.17540543286069,-0.968,0,0
2065,-0.17540543448518,-0.9675,0,0
2066,-0.17540543610967,-0.967,0,0
2067,-0.17540543773416,-0.9665,0,0
2068,-0.17540543935865,-0.966,0,0
2069,-0.17540544098314,-0.9655,0,0
2070,-0.17540544260763,-0.965,0,0
2071,-0.17540544423213,-0.9645,0,0
2072,-0.17540544585662,-0.964,0,0
2073,-0.17540544748111,-0.9635,0,0
2074,-0.1754054491056,-0.963,0,0
2075,-0.17540545073009,-0.9625,0,0
2076,-0.17540545235458,-0.962,0,0
2077,-0.17540545397907,-0.9615,0,0
2078,-0.17540545560356,-0.961,0,0
2079,-0.17540545722805,-0.9605,0,0
2080,-0.17540545885254,-0.96,0,0
2081,-0.17540546047704,-0.9595,0,0
2082,-0.17540546210153,-0.959,0,0
2083,-0.17540546372602,-0.9585,0,0
2084,-0.17540546535051,-0.958,0,0
2085,-0.175405466975,-0.9575,0,0
2086,-0.17540546859949,-0.957,0,0
2087,-0.17540547022398,-0.9565,0,0
2088,-0.17540547184847,-0.956,0,0
2089,-0.17540547347296,-0.9555,0,0
2090,-0.17540547509745,-0.955,0,0
2091,-0.17540547672195,-0.9545,0,0
2092,-0.17540547834644,-0.954,0,0
2093,-0.17540547997093,-0.9535,0,0
2094,-0.17540548159542,-0.953,0,0
2095,-0.17540548321991,-0.9525,0,0
2096,-0.1754054848444,-0.952,0,0
2097,-0.17540548646889,-0.9515,0,0
2098,-0.17540548809338,-0.951,0,0
2099,-0.17540548971787,-0.9505,0,0
2100,-0.17540549134236,-0.95,0,0
2101,-0.17540549296686,-0.9495,0,0
2102,-0.17540549459135,-0.949,0,0
2103,-0.17540549621584,-0.9485,0,0
2104,-0.17540549784033,-0.948,0,0
2105,-0.17540549946482,-0.9475,0,0
2106,-0.17540550108931,-0.947,0,0
2107,-0.1754055027138,-0.9465,0,0
2108,-0.17540550433829,-0.946,0,0
2109,-0.17540550596278,-0.9455,0,0
2110,-0.17540550758728,-0.945,0,0
2111,-0.17540550921177,-0.9445,0,0
2112,-0.17540551083626,-0.944,0,0
2113,-0.17540551246075,-0.9435,0,0
2114,-0.17540551408524,-0.943,0,0
2115,-0.17540551570973,-0.9425,0,0
2116,-0.17540551733422,-0.942,0,0
2117,-0.17540551895871,-0.9415,0,0
2118,-0.1754055205832,-0.941,0,0
2119,-0.17540552220769,-0.9405,0,0
2120,-0.17540552383219,-0.94,0,0
2121,-0.17540552545668,-0.9395,0,0
2122,-0.17540552708117,-0.939,0,0
2123,-0.17540552870566,-0.9385,0,0
2124,-0.17540553033015,-0.938,0,0
2125,-0.17540553195464,-0.9375,0,0
2126,-0.17540553357913,-0.937,0,0
2127,-0.17540553520362,-0.9365,0,0
2128,-0.17540553682811,-0.936,0,0
2129,-0.1754055384526,-0.9355,0,0
2130,-0.1754055400771,-0.935,0,0
2131,-0.17540554170159,-0.9345,0,0
2132,-0.17540554332608,-0.934,0,0
2133,-0.17540554495057,-0.9335,0,0
2134,-0.17540554657506,-0.933,0,0
2135,-0.17540554819955,-0.9325,0,0
2136,-0.17540554982404,-0.932,0,0
2137,-0.17540555144853,-0.9315,0,0
2138,-0.17540555307302,-0.931,0,0
2139,-0.17540555469751,-0.9305,0,0
2140,-0.17540555632201,-0.93,0,0
2141,-0.1754055579465,-0.9295,0,0
2142,-0.17540555957099,-0.929,0,0
2143,-0.17540556119548,-0.9285,0,0
2144,-0.17540556281997,-0.928,0,0
2145,-0.17540556444446,-0.9275,0,0
2146,-0.17540556606895,-0.927,0,0
2147,-0.17540556769344,-0.9265,0,0
2148,-0.17540556931793,-0.926,0,0
2149,-0.17540557094243,-0.9255,0,0
2150,-0.17540557256692,-0.925,0,0
2151,-0.17540557419141,-0.9245,0,0
2152,-0.1754055758159,-0.924,0,0
2153,-0.17540557744039,-0.9235,0,0
2154,-0.17540557906488,-0.923,0,0
2155,-0.17540558068937,-0.9225,0,0
2156,-0.17540558231386,-0.922,0,0
2157,-0.17540558393835,-0.9215,0,0
2158,-0.17540558556284,-0.921,0,0
2159,-0.17540558718734,-0.9205,0,0
2160,-0.17540558881183,-0.92,0,0
2161,-0.17540559043632,-0.9195,0,0
2162,-0.17540559206081,-0.919,0,0
2163,-0.1754055936853,-0.9185,0,0
2164,-0.17540559530979,-0.918,0,0
2165,-0.17540559693428,-0.9175,0,0
2166,-0.17540559855877,-0.917,0,0
2167,-0.17540560018326,-0.9165,0,0
2168,-0.17540560180775,-0.916,0,0
2169,-0.17540560343225,-0.9155,0,0
2170,-0.17540560505674,-0.915,0,0
2171,-0.17540560668123,-0.9145,0,0
2172,-0.17540560830572,-0.914,0,0
2173,-0.17540560993021,-0.9135,0,0
2174,-0.1754056115547,-0.913,0,0
2175,-0.17540561317919,-0.9125,0,0
2176,-0.17540561480368,-0.912,0,0
2177,-0.17540561642817,-0.9115,0,0
2178,-0.17540561805266,-0.911,0,0
2179,-0.17540561967716,-0.9105,0,0
2180,-0.17540562130165,-0.91,0,0
2181,-0.17540562292614,-0.9095,0,0
2182,-0.17540562455063,-0.909,0,0
2183,-0.17540562617512,-0.9085,0,0
2184,-0.17540562779961,-0.908,0,0
2185,-0.1754056294241,-0.9075,0,0
2186,-0.17540563104859,-0.907,0,0
2187,-0.17540563267308,-0.9065,0,0
2188,-0.17540563429757,-0.906,0,0
2189,-0.17540563592207,-0.9055,0,0
2190,-0.17540563754656,-0.905,0,0
2191,-0.17540563917105,-0.9045,0,0
2192,-0.17540564079554,-0.904,0,0
2193,-0.17540564242003,-0.9035,0,0
2194,-0.17540564404452,-0.903,0,0
2195,-0.17540564566901,-0.9025,0,0
2196,-0.1754056472935,-0.902,0,0
2197,-0.17540564891799,-0.9015,0,0
2198,-0.17540565054249,-0.901,0,0
2199,-0.17540565216698,-0.9005,0,0
2200,-0.17540565379147,-0.9,0,0
2201,-0.17540565541596,-0.8995,0,0
2202,-0.17540565704045,-0.899,0,0
2203,-0.17540565866494,-0.8985,0,0
2204,-0.17540566028943,-0.898,0,0
2205,-0.17540566191392,-0.8975,0,0
2206,-0.17540566353841,-0.897,0,0
2207,-0.1754056651629,-0.8965,0,0
2208,-0.1754056667874,-0.896,0,0
2209,-0.17540566841189,-0.8955,0,0
2210,-0.17540567003638,-0.895,0,0
2211,-0.17540567166087,-0.8945,0,0
2212,-0.17540567328536,-0.894,0,0
2213,-0.17540567490985,-0.8935,0,0
2214,-0.17540567653434,-0.893,0,0
2215,-0.17540567815883,-0.8925,0,0
2216,-0.17540567978332,-0.892,0,0
2217,-0.17540568140781,-0.8915,0,0
2218,-0.17540568303231,-0.891,0,0
2219,-0.1754056846568,-0.8905,0,0
2220,-0.17540568628129,-0.89,0,0
2221,-0.17540568790578,-0.8895,0,0
2222,-0.17540568953027,-0.889,0,0
2223,-0.17540569115476,-0.8885,0,0
2224,-0.17540569277925,-0.888,0,0
2225,-0.17540569440374,-0.8875,0,0
2226,-0.17540569602823,-0.887,0,0
2227,-0.17540569765272,-0.8865,0,0
2228,-0.17540569927722,-0.886,0,0
2229,-0.17540570090171,-0.8855,0,0
2230,-0.1754057025262,-0.885,0,0
2231,-0.17540570415069,-0.8845,0,0
2232,-0.17540570577518,-0.884,0,0
2233,-0.17540570739967,-0.8835,0,0
2234,-0.17540570902416,-0.883,0,0
2235,-0.17540571064865,-0.8825,0,0
2236,-0.17540571227314,-0.882,0,0
2237,-0.17540571389763,-0.8815,0,0
2238,-0.17540571552213,-0.881,0,0
2239,-0.17540571714662,-0.8805,0,0
2240,-0.17540571877111,-0.88,0,0
2241,-0.1754057203956,-0.8795,0,0
2242,-0.17540572202009,-0.879,0,0
2243,-0.17540572364458,-0.8785,0,0
2244,-0.17540572526907,-0.878,0,0
2245,-0.17540572689356,-0.8775,0,0
2246,-0.17540572851805,-0.877,0,0
2247,-0.17540573014255,-0.8765,0,0
2248,-0.17540573176704,-0.876,0,0
2249,-0.17540573339153,-0.8755,0,0
2250,-0.17540573501602,-0.875,0,0
2251,-0.17540573664051,-0.8745,0,0
2252,-0.175405738265,-0.874,0,0
2253,-0.17540573988949,-0.8735,0,0
2254,-0.17540574151398,-0.873,0,0
2255,-0.17540574313847,-0.8725,0,0
2256,-0.17540574476296,-0.872,0,0
2257,-0.17540574638746,-0.8715,0,0
2258,-0.17540574801195,-0.871,0,0
2259,-0.17540574963644,-0.8705,0,0
2260,-0.17540575126093,-0.87,0,0
2261,-0.17540575288542,-0.8695,0,0
2262,-0.17540575450991,-0.869,0,0
2263,-0.1754057561344,-0.8685,0,0
2264,-0.17540575775889,-0.868,0,0
2265,-0.17540575938338,-0.8675,0,0
2266,-0.17540576100787,-0.867,0,0
2267,-0.17540576263237,-0.8665,0,0
2268,-0.17540576425686,-0.866,0,0
2269,-0.17540576588135,-0.8655,0,0
2270,-0.17540576750584,-0.865,0,0
2271,-0.17540576913033,-0.8645,0,0
2272,-0.17540577075482,-0.864,0,0
2273,-0.17540577237931,-0.8635,0,0
2274,-0.1754057740038,-0.863,0,0
2275,-0.17540577562829,-0.8625,0,0
2276,-0.17540577725278,-0.862,0,0
2277,-0.17540577887728,-0.8615,0,0
2278,-0.17540578050177,-0.861,0,0
2279,-0.17540578212626,-0.8605,0,0
2280,-0.17540578375075,-0.86,0,0
2281,-0.17540578537524,-0.8595,0,0
2282,-0.17540578699973,-0.859,0,0
2283,-0.17540578862422,-0.8585,0,0
2284,-0.17540579024871,-0.858,0,0
2285,-0.1754057918732,-0.8575,0,0
2286,-0.17540579349769,-0.857,0,0
2287,-0.17540579512219,-0.8565,0,0
2288,-0.17540579674668,-0.856,0,0
2289,-0.17540579837117,-0.8555,0,0
2290,-0.17540579999566,-0.855,0,0
2291,-0.17540580162015,-0.8545,0,0
2292,-0.17540580324464,-0.854,0,0
2293,-0.17540580486913,-0.8535,0,0
2294,-0.17540580649362,-0.853,0,0
2295,-0.17540580811811,-0.8525,0,0
2296,-0.17540580974261,-0.852,0,0
2297,-0.1754058113671,-0.8515,0,0
2298,-0.17540581299159,-0.851,0,0
2299,-0.17540581461608,-0.8505,0,0
2300,-0.17540581624057,-0.85,0,0
2301,-0.17540581786506,-0.8495,0,0
2302,-0.17540581948955,-0.849,0,0
2303,-0.17540582111404,-0.8485,0,0
2304,-0.17540582273853,-0.848,0,0
2305,-0.17540582436302,-0.8475,0,0
2306,-0.17540582598752,-0.847,0,0
2307,-0.17540582761201,-0.8465,0,0
2308,-0.1754058292365,-0.846,0,0
2309,-0.17540583086099,-0.8455,0,0
2310,-0.17540583248548,-0.845,0,0
2311,-0.17540583410997,-0.8445,0,0
2312,-0.17540583573446,-0.844,0,0
2313,-0.17540583735895,-0.8435,0,0
2314,-0.17540583898344,-0.843,0,0
2315,-0.17540584060793,-0.8425,0,0
2316,-0.17540584223243,-0.842,0,0
2317,-0.17540584385692,-0.8415,0,0
2318,-0.17540584548141,-0.841,0,0
2319,-0.1754058471059,-0.8405,0,0
2320,-0.17540584873039,-0.84,0,0
2321,-0.17540585035488,-0.8395,0,0
2322,-0.17540585197937,-0.839,0,0
2323,-0.17540585360386,-0.8385,0,0
2324,-0.17540585522835,-0.838,0,0
2325,-0.17540585685284,-0.8375,0,0
2326,-0.17540585847734,-0.837,0,0
2327,-0.17540586010183,-0.8365,0,0
2328,-0.17540586172632,-0.836,0,0
2329,-0.17540586335081,-0.8355,0,0
2330,-0.1754058649753,-0.835,0,0
2331,-0.17540586659979,-0.8345,0,0
2332,-0.17540586822428,-0.834,0,0
2333,-0.17540586984877,-0.8335,0,0
2334,-0.17540587147326,-0.833,0,0
2335,-0.17540587309776,-0.8325,0,0
2336,-0.17540587472225,-0.832,0,0
2337,-0.17540587634674,-0.8315,0,0
2338,-0.17540587797123,-0.831,0,0
2339,-0.17540587959572,-0.8305,0,0
2340,-0.17540588122021,-0.83,0,0
2341,-0.1754058828447,-0.8295,0,0
2342,-0.17540588446919,-0.829,0,0
2343,-0.17540588609368,-0.8285,0,0
2344,-0.17540588771817,-0.828,0,0
2345,-0.17540588934267,-0.8275,0,0
2346,-0.17540589096716,-0.827,0,0
2347,-0.17540589259165,-0.8265,0,0
2348,-0.17540589421614,-0.826,0,0
2349,-0.17540589584063,-0.8255,0,0
2350,-0.17540589746512,-0.825,0,0
2351,-0.17540589908961,-0.8245,0,0
2352,-0.1754059007141,-0.824,0,0
2353,-0.17540590233859,-0.8235,0,0
2354,-0.17540590396308,-0.823,0,0
2355,-0.17540590558758,-0.8225,0,0
2356,-0.17540590721207,-0.822,0,0
2357,-0.17540590883656,-0.8215,0,0
2358,-0.17540591046105,-0.821,0,0
2359,-0.17540591208554,-0.8205,0,0
2360,-0.17540591371003,-0.82,0,0
2361,-0.17540591533452,-0.8195,0,0
2362,-0.17540591695901,-0.819,0,0
2363,-0.1754059185835,-0.8185,0,0
2364,-0.17540592020799,-0.818,0,0
2365,-0.17540592183249,-0.8175,0,0
2366,-0.17540592345698,-0.817,0,0
2367,-0.17540592508147,-0.8165,0,0
2368,-0.17540592670596,-0.816,0,0
2369,-0.17540592833045,-0.8155,0,0
2370,-0.17540592995494,-0.815,0,0
2371,-0.17540593157943,-0.8145,0,0
2372,-0.17540593320392,-0.814,0,0
2373,-0.17540593482841,-0.8135,0,0
2374,-0.1754059364529,-0.813,0,0
2375,-0.1754059380774,-0.8125,0,0
2376,-0.17540593970189,-0.812,0,0
2377,-0.17540594132638,-0.8115,0,0
2378,-0.17540594295087,-0.811,0,0
2379,-0.17540594457536,-0.8105,0,0
2380,-0.17540594619985,-0.81,0,0
2381,-0.17540594782434,-0.8095,0,0
2382,-0.17540594944883,-0.809,0,0
2383,-0.17540595107332,-0.8085,0,0
2384,-0.17540595269782,-0.808,0,0
2385,-0.17540595432231,-0.8075,0,0
2386,-0.1754059559468,-0.807,0,0
2387,-0.17540595757129,-0.8065,0,0
2388,-0.17540595919578,-0.806,0,0
2389,-0.17540596082027,-0.8055,0,0
2390,-0.17540596244476,-0.805,0,0
2391,-0.17540596406925,-0.8045,0,0
2392,-0.17540596569374,-0.804,0,0
2393,-0.17540596731823,-0.8035,0,0
2394,-0.17540596894273,-0.803,0,0
2395,-0.17540597056722,-0.8025,0,0
2396,-0.17540597219171,-0.802,0,0
2397,-0.1754059738162,-0.8015,0,0
2398,-0.17540597544069,-0.801,0,0
2399,-0.17540597706518,-0.8005,0,0
2400,-0.17540597868967,-0.8,0,0
2401,-0.17540598031416,-0.7995,0,0
2402,-0.17540598193865,-0.799,0,0
2403,-0.17540598356314,-0.7985,0,0
2404,-0.17540598518764,-0.798,0,0
2405,-0.17540598681213,-0.7975,0,0
2406,-0.17540598843662,-0.797,0,0
2407,-0.17540599006111,-0.7965,0,0
2408,-0.1754059916856,-0.796,0,0
2409,-0.17540599331009,-0.7955,0,0
2410,-0.17540599493458,-0.795,0,0
2411,-0.17540599655907,-0.7945,0,0
2412,-0.17540599818356,-0.794,0,0
2413,-0.17540599980805,-0.7935,0,0
2414,-0.17540600143255,-0.793,0,0
2415,-0.17540600305704,-0.7925,0,0
2416,-0.17540600468153,-0.792,0,0
2417,-0.17540600630602,-0.7915,0,0
2418,-0.17540600793051,-0.791,0,0
2419,-0.175406009555,-0.7905,0,0
2420,-0.17540601117949,-0.79,0,0
2421,-0.17540601280398,-0.7895,0,0
2422,-0.17540601442847,-0.789,0,0
2423,-0.17540601605296,-0.7885,0,0
2424,-0.17540601767746,-0.788,0,0
2425,-0.17540601930195,-0.7875,0,0
2426,-0.17540602092644,-0.787,0,0
2427,-0.17540602255093,-0.7865,0,0
2428,-0.17540602417542,-0.786,0,0
2429,-0.17540602579991,-0.7855,0,0
2430,-0.1754060274244,-0.785,0,0
2431,-0.17540602904889,-0.7845,0,0
2432,-0.17540603067338,-0.784,0,0
2433,-0.17540603229788,-0.7835,0,0
2434,-0.17540603392237,-0.783,0,0
2435,-0.17540603554686,-0.7825,0,0
2436,-0.17540603717135,-0.782,0,0
2437,-0.17540603879584,-0.7815,0,0
2438,-0.17540604042033,-0.781,0,0
2439,-0.17540604204482,-0.7805,0,0
2440,-0.17540604366931,-0.78,0,0
2441,-0.1754060452938,-0.7795,0,0
2442,-0.17540604691829,-0.779,0,0
2443,-0.17540604854279,-0.7785,0,0
2444,-0.17540605016728,-0.778,0,0
2445,-0.17540605179177,-0.7775,0,0
2446,-0.17540605341626,-0.777,0,0
2447,-0.17540605504075,-0.7765,0,0
2448,-0.17540605666524,-0.776,0,0
2449,-0.17540605828973,-0.7755,0,0
2450,-0.17540605991422,-0.775,0,0
2451,-0.17540606153871,-0.7745,0,0
2452,-0.1754060631632,-0.774,0,0
2453,-0.1754060647877,-0.7735,0,0
2454,-0.17540606641219,-0.773,0,0
2455,-0.17540606803668,-0.7725,0,0
2456,-0.17540606966117,-0.772,0,0
2457,-0.17540607128566,-0.7715,0,0
2458,-0.17540607291015,-0.771,0,0
2459,-0.17540607453464,-0.7705,0,0
2460,-0.17540607615913,-0.77,0,0
2461,-0.17540607778362,-0.7695,0,0
2462,-0.17540607940811,-0.769,0,0
2463,-0.17540608103261,-0.7685,0,0
2464,-0.1754060826571,-0.768,0,0
2465,-0.17540608428159,-0.7675,0,0
2466,-0.17540608590608,-0.767,0,0
2467,-0.17540608753057,-0.7665,0,0
2468,-0.17540608915506,-0.766,0,0
2469,-0.17540609077955,-0.7655,0,0
2470,-0.17540609240404,-0.765,0,0
2471,-0.17540609402853,-0.7645,0,0
2472,-0.17540609565302,-0.764,0,0
2473,-0.17540609727752,-0.7635,0,0
2474,-0.17540609890201,-0.763,0,0
2475,-0.1754061005265,-0.7625,0,0
2476,-0.17540610215099,-0.762,0,0
2477,-0.17540610377548,-0.7615,0,0
2478,-0.17540610539997,-0.761,0,0
2479,-0.17540610702446,-0.7605,0,0
2480,-0.17540610864895,-0.76,0,0
2481,-0.17540611027344,-0.7595,0,0
2482,-0.17540611189794,-0.759,0,0
2483,-0.17540611352243,-0.7585,0,0
2484,-0.17540611514692,-0.758,0,0
2485,-0.17540611677141,-0.7575,0,0
2486,-0.1754061183959,-0.757,0,0
2487,-0.17540612002039,-0.7565,0,0
2488,-0.17540612164488,-0.756,0,0
2489,-0.17540612326937,-0.7555,0,0
2490,-0.17540612489386,-0.755,0,0
2491,-0.17540612651835,-0.7545,0,0
2492,-0.17540612814285,-0.754,0,0
2493,-0.17540612976734,-0.7535,0,0
2494,-0.17540613139183,-0.753,0,0
2495,-0.17540613301632,-0.7525,0,0
2496,-0.17540613464081,-0.752,0,0
2497,-0.1754061362653,-0.7515,0,0
2498,-0.17540613788979,-0.751,0,0
2499,-0.17540613951428,-0.7505,0,0
2500,-0.17540614113877,-0.75,0,0
2501,-0.17540614276326,-0.7495,0,0
2502,-0.17540614438776,-0.749,0,0
2503,-0.17540614601225,-0.7485,0,0
2504,-0.17540614763674,-0.748,0,0
2505,-0.17540614926123,-0.7475,0,0
2506,-0.17540615088572,-0.747,0,0
2507,-0.17540615251021,-0.7465,0,0
2508,-0.1754061541347,-0.746,0,0
2509,-0.17540615575919,-0.7455,0,0
2510,-0.17540615738368,-0.745,0,0
2511,-0.17540615900817,-0.7445,0,0
2512,-0.17540616063267,-0.744,0,0
2513,-0.17540616225716,-0.7435,0,0
2514,-0.17540616388165,-0.743,0,0
2515,-0.17540616550614,-0.7425,0,0
2516,-0.17540616713063,-0.742,0,0
2517,-0.17540616875512,-0.7415,0,0
2518,-0.17540617037961,-0.741,0,0
2519,-0.1754061720041,-0.7405,0,0
2520,-0.17540617362859,-0.74,0,0
2521,-0.17540617525309,-0.7395,0,0
2522,-0.17540617687758,-0.739,0,0
2523,-0.17540617850207,-0.7385,0,0
2524,-0.17540618012656,-0.738,0,0
2525,-0.17540618175105,-0.7375,0,0
2526,-0.17540618337554,-0.737,0,0
2527,-0.17540618500003,-0.7365,0,0
2528,-0.17540618662452,-0.736,0,0
2529,-0.17540618824901,-0.7355,0,0
2530,-0.1754061898735,-0.735,0,0
2531,-0.175406191498,-0.7345,0,0
2532,-0.17540619312249,-0.734,0,0
2533,-0.17540619474698,-0.7335,0,0
2534,-0.17540619637147,-0.733,0,0
2535,-0.17540619799596,-0.7325,0,0
2536,-0.17540619962045,-0.732,0,0
2537,-0.17540620124494,-0.7315,0,0
2538,-0.17540620286943,-0.731,0,0
2539,-0.17540620449392,-0.7305,0,0
2540,-0.17540620611841,-0.73,0,0
2541,-0.17540620774291,-0.7295,0,0
2542,-0.1754062093674,-0.729,0,0
2543,-0.17540621099189,-0.7285,0,0
2544,-0.17540621261638,-0.728,0,0
2545,-0.17540621424087,-0.7275,0,0
2546,-0.17540621586536,-0.727,0,0
2547,-0.17540621748985,-0.7265,0,0
2548,-0.17540621911434,-0.726,0,0
2549,-0.17540622073883,-0.7255,0,0
2550,-0.17540622236332,-0.725,0,0
2551,-0.17540622398782,-0.7245,0,0
2552,-0.17540622561231,-0.724,0,0
2553,-0.1754062272368,-0.7235,0,0
2554,-0.17540622886129,-0.723,0,0
2555,-0.17540623048578,-0.7225,0,0
2556,-0.17540623211027,-0.722,0,0
2557,-0.17540623373476,-0.7215,0,0
2558,-0.17540623535925,-0.721,0,0
2559,-0.17540623698374,-0.7205,0,0
2560,-0.17540623860823,-0.72,0,0
2561,-0.17540624023273,-0.7195,0,0
2562,-0.17540624185722,-0.719,0,0
2563,-0.17540624348171,-0.7185,0,0
2564,-0.1754062451062,-0.718,0,0
2565,-0.17540624673069,-0.7175,0,0
2566,-0.17540624835518,-0.717,0,0
2567,-0.17540624997967,-0.7165,0,0
2568,-0.17540625160416,-0.716,0,0
2569,-0.17540625322865,-0.7155,0,0
2570,-0.17540625485315,-0.715,0,0
2571,-0.17540625647764,-0.7145,0,0
2572,-0.17540625810213,-0.714,0,0
2573,-0.17540625972662,-0.7135,0,0
2574,-0.17540626135111,-0.713,0,0
2575,-0.1754062629756,-0.7125,0,0
2576,-0.17540626460009,-0.712,0,0
2577,-0.17540626622458,-0.7115,0,0
2578,-0.17540626784907,-0.711,0,0
2579,-0.17540626947356,-0.7105,0,0
2580,-0.17540627109806,-0.71,0,0
2581,-0.17540627272255,-0.7095,0,0
2582,-0.17540627434704,-0.709,0,0
2583,-0.17540627597153,-0.7085,0,0
2584,-0.17540627759602,-0.708,0,0
2585,-0.17540627922051,-0.7075,0,0
2586,-0.175406280845,-0.707,0,0
2587,-0.17540628246949,-0.7065,0,0
2588,-0.17540628409398,-0.706,0,0
2589,-0.17540628571847,-0.7055,0,0
2590,-0.17540628734297,-0.705,0,0
2591,-0.17540628896746,-0.7045,0,0
2592,-0.17540629059195,-0.704,0,0
2593,-0.17540629221644,-0.7035,0,0
2594,-0.17540629384093,-0.703,0,0
2595,-0.17540629546542,-0.7025,0,0
2596,-0.17540629708991,-0.702,0,0
2597,-0.1754062987144,-0.7015,0,0
2598,-0.17540630033889,-0.701,0,0
2599,-0.17540630196338,-0.7005,0,0
2600,-0.17540630358788,-0.7,0,0
2601,-0.17540630521237,-0.6995,0,0
2602,-0.17540630683686,-0.699,0,0
2603,-0.17540630846135,-0.6985,0,0
2604,-0.17540631008584,-0.698,0,0
2605,-0.17540631171033,-0.6975,0,0
2606,-0.17540631333482,-0.697,0,0
2607,-0.17540631495931,-0.6965,0,0
2608,-0.1754063165838,-0.696,0,0
2609,-0.17540631820829,-0.6955,0,0
2610,-0.17540631983279,-0.695,0,0
2611,-0.17540632145728,-0.6945,0,0
2612,-0.17540632308177,-0.694,0,0
2613,-0.17540632470626,-0.6935,0,0
2614,-0.17540632633075,-0.693,0,0
2615,-0.17540632795524,-0.6925,0,0
2616,-0.17540632957973,-0.692,0,0
2617,-0.17540633120422,-0.6915,0,0
2618,-0.17540633282871,-0.691,0,0
2619,-0.17540633445321,-0.6905,0,0
2620,-0.1754063360777,-0.69,0,0
2621,-0.17540633770219,-0.6895,0,0
2622,-0.17540633932668,-0.689,0,0
2623,-0.17540634095117,-0.6885,0,0
2624,-0.17540634257566,-0.688,0,0
2625,-0.17540634420015,-0.6875,0,0
2626,-0.17540634582464,-0.687,0,0
2627,-0.17540634744913,-0.6865,0,0
2628,-0.17540634907362,-0.686,0,0
2629,-0.17540635069812,-0.6855,0,0
2630,-0.17540635232261,-0.685,0,0
2631,-0.1754063539471,-0.6845,0,0
2632,-0.17540635557159,-0.684,0,0
2633,-0.17540635719608,-0.6835,0,0
2634,-0.17540635882057,-0.683,0,0
2635,-0.17540636044506,-0.6825,0,0
2636,-0.17540636206955,-0.682,0,0
2637,-0.17540636369404,-0.6815,0,0
2638,-0.17540636531853,-0.681,0,0
2639,-0.17540636694303,-0.6805,0,0
2640,-0.17540636856752,-0.68,0,0
2641,-0.17540637019201,-0.6795,0,0
2642,-0.1754063718165,-0.679,0,0
2643,-0.17540637344099,-0.6785,0,0
2644,-0.17540637506548,-0.678,0,0
2645,-0.17540637668997,-0.6775,0,0
2646,-0.17540637831446,-0.677,0,0
2647,-0.17540637993895,-0.6765,0,0
2648,-0.17540638156344,-0.676,0,0
2649,-0.17540638318794,-0.6755,0,0
2650,-0.17540638481243,-0.675,0,0
2651,-0.17540638643692,-0.6745,0,0
2652,-0.17540638806141,-0.674,0,0
2653,-0.1754063896859,-0.6735,0,0
2654,-0.17540639131039,-0.673,0,0
2655,-0.17540639293488,-0.6725,0,0
2656,-0.17540639455937,-0.672,0,0
2657,-0.17540639618386,-0.6715,0,0
2658,-0.17540639780836,-0.671,0,0
2659,-0.17540639943285,-0.6705,0,0
2660,-0.17540640105734,-0.67,0,0
2661,-0.17540640268183,-0.6695,0,0
2662,-0.17540640430632,-0.669,0,0
2663,-0.17540640593081,-0.6685,0,0
2664,-0.1754064075553,-0.668,0,0
2665,-0.17540640917979,-0.6675,0,0
2666,-0.17540641080428,-0.667,0,0
2667,-0.17540641242877,-0.6665,0,0
2668,-0.17540641405327,-0.666,0,0
2669,-0.17540641567776,-0.6655,0,0
2670,-0.17540641730225,-0.665,0,0
2671,-0.17540641892674,-0.6645,0,0
2672,-0.17540642055123,-0.664,0,0
2673,-0.17540642217572,-0.6635,0,0
2674,-0.17540642380021,-0.663,0,0
2675,-0.1754064254247,-0.6625,0,0
2676,-0.17540642704919,-0.662,0,0
2677,-0.17540642867368,-0.6615,0,0
2678,-0.17540643029818,-0.661,0,0
2679,-0.17540643192267,-0.6605,0,0
2680,-0.17540643354716,-0.66,0,0
2681,-0.17540643517165,-0.6595,0,0
2682,-0.17540643679614,-0.659,0,0
2683,-0.17540643842063,-0.6585,0,0
2684,-0.17540644004512,-0.658,0,0
2685,-0.17540644166961,-0.6575,0,0
2686,-0.1754064432941,-0.657,0,0
2687,-0.17540644491859,-0.6565,0,0
2688,-0.17540644654309,-0.656,0,0
2689,-0.17540644816758,-0.6555,0,0
2690,-0.17540644979207,-0.655,0,0
2691,-0.17540645141656,-0.6545,0,0
2692,-0.17540645304105,-0.654,0,0
2693,-0.17540645466554,-0.6535,0,0
2694,-0.17540645629003,-0.653,0,0
2695,-0.17540645791452,-0.6525,0,0
2696,-0.17540645953901,-0.652,0,0
2697,-0.1754064611635,-0.6515,0,0
2698,-0.175406462788,-0.651,0,0
2699,-0.17540646441249,-0.6505,0,0
2700,-0.17540646603698,-0.65,0,0
2701,-0.17540646766147,-0.6495,0,0
2702,-0.17540646928596,-0.649,0,0
2703,-0.17540647091045,-0.6485,0,0
2704,-0.17540647253494,-0.648,0,0
2705,-0.17540647415943,-0.6475,0,0
2706,-0.17540647578392,-0.647,0,0
2707,-0.17540647740842,-0.6465,0,0
2708,-0.17540647903291,-0.646,0,0
2709,-0.1754064806574,-0.6455,0,0
2710,-0.17540648228189,-0.645,0,0
2711,-0.17540648390638,-0.6445,0,0
2712,-0.17540648553087,-0.644,0,0
2713,-0.17540648715536,-0.6435,0,0
2714,-0.17540648877985,-0.643,0,0
2715,-0.17540649040434,-0.6425,0,0
2716,-0.17540649202883,-0.642,0,0
2717,-0.17540649365333,-0.6415,0,0
2718,-0.17540649527782,-0.641,0,0
2719,-0.17540649690231,-0.6405,0,0
2720,-0.1754064985268,-0.64,0,0
2721,-0.17540650015129,-0.6395,0,0
2722,-0.17540650177578,-0.639,0,0
2723,-0.17540650340027,-0.6385,0,0
2724,-0.17540650502476,-0.638,0,0
2725,-0.17540650664925,-0.6375,0,0
2726,-0.17540650827374,-0.637,0,0
2727,-0.17540650989824,-0.6365,0,0
2728,-0.17540651152273,-0.636,0,0
2729,-0.17540651314722,-0.6355,0,0
2730,-0.17540651477171,-0.635,0,0
2731,-0.1754065163962,-0.6345,0,0
2732,-0.17540651802069,-0.634,0,0
2733,-0.17540651964518,-0.6335,0,0
2734,-0.17540652126967,-0.633,0,0
2735,-0.17540652289416,-0.6325,0,0
2736,-0.17540652451865,-0.632,0,0
2737,-0.17540652614315,-0.6315,0,0
2738,-0.17540652776764,-0.631,0,0
2739,-0.17540652939213,-0.6305,0,0
2740,-0.17540653101662,-0.63,0,0
2741,-0.17540653264111,-0.6295,0,0
2742,-0.1754065342656,-0.629,0,0
2743,-0.17540653589009,-0.6285,0,0
2744,-0.17540653751458,-0.628,0,0
2745,-0.17540653913907,-0.6275,0,0
2746,-0.17540654076356,-0.627,0,0
2747,-0.17540654238806,-0.6265,0,0
2748,-0.17540654401255,-0.626,0,0
2749,-0.17540654563704,-0.6255,0,0
2750,-0.17540654726153,-0.625,0,0
2751,-0.17540654888602,-0.6245,0,0
2752,-0.17540655051051,-0.624,0,0
2753,-0.175406552135,-0.6235,0,0
2754,-0.17540655375949,-0.623,0,0
2755,-0.17540655538398,-0.6225,0,0
2756,-0.17540655700848,-0.622,0,0
2757,-0.17540655863297,-0.6215,0,0
2758,-0.17540656025746,-0.621,0,0
2759,-0.17540656188195,-0.6205,0,0
2760,-0.17540656350644,-0.62,0,0
2761,-0.17540656513093,-0.6195,0,0
2762,-0.17540656675542,-0.619,0,0
2763,-0.17540656837991,-0.6185,0,0
2764,-0.1754065700044,-0.618,0,0
2765,-0.17540657162889,-0.6175,0,0
2766,-0.17540657325339,-0.617,0,0
2767,-0.17540657487788,-0.6165,0,0
2768,-0.17540657650237,-0.616,0,0
2769,-0.17540657812686,-0.6155,0,0
2770,-0.17540657975135,-0.615,0,0
2771,-0.17540658137584,-0.6145,0,0
2772,-0.17540658300033,-0.614,0,0
2773,-0.17540658462482,-0.6135,0,0
2774,-0.17540658624931,-0.613,0,0
2775,-0.1754065878738,-0.6125,0,0
2776,-0.1754065894983,-0.612,0,0
2777,-0.17540659112279,-0.6115,0,0
2778,-0.17540659274728,-0.611,0,0
2779,-0.17540659437177,-0.6105,0,0
2780,-0.17540659599626,-0.61,0,0
2781,-0.17540659762075,-0.6095,0,0
2782,-0.17540659924524,-0.609,0,0
2783,-0.17540660086973,-0.6085,0,0
2784,-0.17540660249422,-0.608,0,0
2785,-0.17540660411871,-0.6075,0,0
2786,-0.17540660574321,-0.607,0,0
2787,-0.1754066073677,-0.6065,0,0
2788,-0.17540660899219,-0.606,0,0
2789,-0.17540661061668,-0.6055,0,0
2790,-0.17540661224117,-0.605,0,0
2791,-0.17540661386566,-0.6045,0,0
2792,-0.17540661549015,-0.604,0,0
2793,-0.17540661711464,-0.6035,0,0
2794,-0.17540661873913,-0.603,0,0
2795,-0.17540662036362,-0.6025,0,0
2796,-0.17540662198812,-0.602,0,0
2797,-0.17540662361261,-0.6015,0,0
2798,-0.1754066252371,-0.601,0,0
2799,-0.17540662686159,-0.6005,0,0
2800,-0.17540662848608,-0.6,0,0
2801,-0.17540663011057,-0.5995,0,0
2802,-0.17540663173506,-0.599,0,0
2803,-0.17540663335955,-0.5985,0,0
2804,-0.17540663498404,-0.598,0,0
2805,-0.17540663660854,-0.5975,0,0
2806,-0.17540663823303,-0.597,0,0
2807,-0.17540663985752,-0.5965,0,0
2808,-0.17540664148201,-0.596,0,0
2809,-0.1754066431065,-0.5955,0,0
2810,-0.17540664473099,-0.595,0,0
2811,-0.17540664635548,-0.5945,0,0
2812,-0.17540664797997,-0.594,0,0
2813,-0.17540664960446,-0.5935,0,0
2814,-0.17540665122895,-0.593,0,0
2815,-0.17540665285345,-0.5925,0,0
2816,-0.17540665447794,-0.592,0,0
2817,-0.17540665610243,-0.5915,0,0
2818,-0.17540665772692,-0.591,0,0
2819,-0.17540665935141,-0.5905,0,0
2820,-0.1754066609759,-0.59,0,0
2821,-0.17540666260039,-0.5895,0,0
2822,-0.17540666422488,-0.589,0,0
2823,-0.17540666584937,-0.5885,0,0
2824,-0.17540666747386,-0.588,0,0
2825,-0.17540666909836,-0.5875,0,0
2826,-0.17540667072285,-0.587,0,0
2827,-0.17540667234734,-0.5865,0,0
2828,-0.17540667397183,-0.586,0,0
2829,-0.17540667559632,-0.5855,0,0
2830,-0.17540667722081,-0.585,0,0
2831,-0.1754066788453,-0.5845,0,0
2832,-0.17540668046979,-0.584,0,0
2833,-0.17540668209428,-0.5835,0,0
2834,-0.17540668371877,-0.583,0,0
2835,-0.17540668534327,-0.5825,0,0
2836,-0.17540668696776,-0.582,0,0
2837,-0.17540668859225,-0.5815,0,0
2838,-0.17540669021674,-0.581,0,0
2839,-0.17540669184123,-0.5805,0,0
2840,-0.17540669346572,-0.58,0,0
2841,-0.17540669509021,-0.5795,0,0
2842,-0.1754066967147,-0.579,0,0
2843,-0.17540669833919,-0.5785,0,0
2844,-0.17540669996368,-0.578,0,0
2845,-0.17540670158818,-0.5775,0,0
2846,-0.17540670321267,-0.577,0,0
2847,-0.17540670483716,-0.5765,0,0
2848,-0.17540670646165,-0.576,0,0
2849,-0.17540670808614,-0.5755,0,0
2850,-0.17540670971063,-0.575,0,0
2851,-0.17540671133512,-0.5745,0,0
2852,-0.17540671295961,-0.574,0,0
2853,-0.1754067145841,-0.5735,0,0
2854,-0.1754067162086,-0.573,0,0
2855,-0.17540671783309,-0.5725,0,0
2856,-0.17540671945758,-0.572,0,0
2857,-0.17540672108207,-0.5715,0,0
2858,-0.17540672270656,-0.571,0,0
2859,-0.17540672433105,-0.5705,0,0
2860,-0.17540672595554,-0.57,0,0
2861,-0.17540672758003,-0.5695,0,0
2862,-0.17540672920452,-0.569,0,0
2863,-0.17540673082901,-0.5685,0,0
2864,-0.17540673245351,-0.568,0,0
2865,-0.175406734078,-0.5675,0,0
2866,-0.17540673570249,-0.567,0,0
2867,-0.17540673732698,-0.5665,0,0
2868,-0.17540673895147,-0.566,0,0
2869,-0.17540674057596,-0.5655,0,0
2870,-0.17540674220045,-0.565,0,0
2871,-0.17540674382494,-0.5645,0,0
2872,-0.17540674544943,-0.564,0,0
2873,-0.17540674707392,-0.5635,0,0
2874,-0.17540674869842,-0.563,0,0
2875,-0.17540675032291,-0.5625,0,0
2876,-0.1754067519474,-0.562,0,0
2877,-0.17540675357189,-0.5615,0,0
2878,-0.17540675519638,-0.561,0,0
2879,-0.17540675682087,-0.5605,0,0
2880,-0.17540675844536,-0.56,0,0
2881,-0.17540676006985,-0.5595,0,0
2882,-0.17540676169434,-0.559,0,0
2883,-0.17540676331883,-0.5585,0,0
2884,-0.17540676494333,-0.558,0,0
2885,-0.17540676656782,-0.5575,0,0
2886,-0.17540676819231,-0.557,0,0
2887,-0.1754067698168,-0.5565,0,0
2888,-0.17540677144129,-0.556,0,0
2889,-0.17540677306578,-0.5555,0,0
2890,-0.17540677469027,-0.555,0,0
2891,-0.17540677631476,-0.5545,0,0
2892,-0.17540677793925,-0.554,0,0
2893,-0.17540677956374,-0.5535,0,0
2894,-0.17540678118824,-0.553,0,0
2895,-0.17540678281273,-0.5525,0,0
2896,-0.17540678443722,-0.552,0,0
2897,-0.17540678606171,-0.5515,0,0
2898,-0.1754067876862,-0.551,0,0
2899,-0.17540678931069,-0.5505,0,0
2900,-0.17540679093518,-0.55,0,0
2901,-0.17540679255967,-0.5495,0,0
2902,-0.17540679418416,-0.549,0,0
2903,-0.17540679580866,-0.5485,0,0
2904,-0.17540679743315,-0.548,0,0
2905,-0.17540679905764,-0.5475,0,0
2906,-0.17540680068213,-0.547,0,0
2907,-0.17540680230662,-0.5465,0,0
2908,-0.17540680393111,-0.546,0,0
2909,-0.1754068055556,-0.5455,0,0
2910,-0.17540680718009,-0.545,0,0
2911,-0.17540680880458,-0.5445,0,0
2912,-0.17540681042907,-0.544,0,0
2913,-0.17540681205357,-0.5435,0,0
2914,-0.17540681367806,-0.543,0,0
2915,-0.17540681530255,-0.5425,0,0
2916,-0.17540681692704,-0.542,0,0
2917,-0.17540681855153,-0.5415,0,0
2918,-0.17540682017602,-0.541,0,0
2919,-0.17540682180051,-0.5405,0,0
2920,-0.175406823425,-0.54,0,0
2921,-0.17540682504949,-0.5395,0,0
2922,-0.17540682667398,-0.539,0,0
2923,-0.17540682829848,-0.5385,0,0
2924,-0.17540682992297,-0.538,0,0
2925,-0.17540683154746,-0.5375,0,0
2926,-0.17540683317195,-0.537,0,0
2927,-0.17540683479644,-0.5365,0,0
2928,-0.17540683642093,-0.536,0,0
2929,-0.17540683804542,-0.5355,0,0
2930,-0.17540683966991,-0.535,0,0
2931,-0.1754068412944,-0.5345,0,0
2932,-0.17540684291889,-0.534,0,0
2933,-0.17540684454339,-0.5335,0,0
2934,-0.17540684616788,-0.533,0,0
2935,-0.17540684779237,-0.5325,0,0
2936,-0.17540684941686,-0.532,0,0
2937,-0.17540685104135,-0.5315,0,0
2938,-0.17540685266584,-0.531,0,0
2939,-0.17540685429033,-0.5305,0,0
2940,-0.17540685591482,-0.53,0,0
2941,-0.17540685753931,-0.5295,0,0
2942,-0.17540685916381,-0.529,0,0
2943,-0.1754068607883,-0.5285,0,0
2944,-0.17540686241279,-0.528,0,0
2945,-0.17540686403728,-0.5275,0,0
2946,-0.17540686566177,-0.527,0,0
2947,-0.17540686728626,-0.5265,0,0
2948,-0.17540686891075,-0.526,0,0
2949,-0.17540687053524,-0.5255,0,0
2950,-0.17540687215973,-0.525,0,0
2951,-0.17540687378422,-0.5245,0,0
2952,-0.17540687540872,-0.524,0,0
2953,-0.17540687703321,-0.5235,0,0
2954,-0.1754068786577,-0.523,0,0
2955,-0.17540688028219,-0.5225,0,0
2956,-0.17540688190668,-0.522,0,0
2957,-0.17540688353117,-0.5215,0,0
2958,-0.17540688515566,-0.521,0,0
2959,-0.17540688678015,-0.5205,0,0
2960,-0.17540688840464,-0.52,0,0
2961,-0.17540689002913,-0.5195,0,0
2962,-0.17540689165363,-0.519,0,0
2963,-0.17540689327812,-0.5185,0,0
2964,-0.17540689490261,-0.518,0,0
2965,-0.1754068965271,-0.5175,0,0
2966,-0.17540689815159,-0.517,0,0
2967,-0.17540689977608,-0.5165,0,0
2968,-0.17540690140057,-0.516,0,0
2969,-0.17540690302506,-0.5155,0,0
2970,-0.17540690464955,-0.515,0,0
2971,-0.17540690627404,-0.5145,0,0
2972,-0.17540690789854,-0.514,0,0
2973,-0.17540690952303,-0.5135,0,0
2974,-0.17540691114752,-0.513,0,0
2975,-0.17540691277201,-0.5125,0,0
2976,-0.1754069143965,-0.512,0,0
2977,-0.17540691602099,-0.5115,0,0
2978,-0.17540691764548,-0.511,0,0
2979,-0.17540691926997,-0.5105,0,0
2980,-0.17540692089446,-0.51,0,0
2981,-0.17540692251895,-0.5095,0,0
2982,-0.17540692414345,-0.509,0,0
2983,-0.17540692576794,-0.5085,0,0
2984,-0.17540692739243,-0.508,0,0
2985,-0.17540692901692,-0.5075,0,0
2986,-0.17540693064141,-0.507,0,0
2987,-0.1754069322659,-0.5065,0,0
2988,-0.17540693389039,-0.506,0,0
2989,-0.17540693551488,-0.5055,0,0
2990,-0.17540693713937,-0.505,0,0
2991,-0.17540693876387,-0.5045,0,0
2992,-0.17540694038836,-0.504,0,0
2993,-0.17540694201285,-0.5035,0,0
2994,-0.17540694363734,-0.503,0,0
2995,-0.17540694526183,-0.5025,0,0
2996,-0.17540694688632,-0.502,0,0
2997,-0.17540694851081,-0.5015,0,0
2998,-0.1754069501353,-0.501,0,0
2999,-0.17540695175979,-0.5005,0,0
3000,-0.17540695338428,-0.5,0,0
3001,-0.17540695500878,-0.4995,0,0
3002,-0.17540695663327,-0.499,0,0
3003,-0.17540695825776,-0.4985,0,0
3004,-0.17540695988225,-0.498,0,0
3005,-0.17540696150674,-0.4975,0,0
3006,-0.17540696313123,-0.497,0,0
3007,-0.17540696475572,-0.4965,0,0
3008,-0.17540696638021,-0.496,0,0
3009,-0.1754069680047,-0.4955,0,0
3010,-0.17540696962919,-0.495,0,0
3011,-0.17540697125369,-0.4945,0,0
3012,-0.17540697287818,-0.494,0,0
3013,-0.17540697450267,-0.4935,0,0
3014,-0.17540697612716,-0.493,0,0
3015,-0.17540697775165,-0.4925,0,0
3016,-0.17540697937614,-0.492,0,0
3017,-0.17540698100063,-0.4915,0,0
3018,-0.17540698262512,-0.491,0,0
3019,-0.17540698424961,-0.4905,0,0
3020,-0.1754069858741,-0.49,0,0
3021,-0.1754069874986,-0.4895,0,0
3022,-0.17540698912309,-0.489,0,0
3023,-0.17540699074758,-0.4885,0,0
3024,-0.17540699237207,-0.488,0,0
3025,-0.17540699399656,-0.4875,0,0
3026,-0.17540699562105,-0.487,0,0
3027,-0.17540699724554,-0.4865,0,0
3028,-0.17540699887003,-0.486,0,0
3029,-0.17540700049452,-0.4855,0,0
3030,-0.17540700211901,-0.485,0,0
3031,-0.17540700374351,-0.4845,0,0
3032,-0.175407005368,-0.484,0,0
3033,-0.17540700699249,-0.4835,0,0
3034,-0.17540700861698,-0.483,0,0
3035,-0.17540701024147,-0.4825,0,0
3036,-0.17540701186596,-0.482,0,0
3037,-0.17540701349045,-0.4815,0,0
3038,-0.17540701511494,-0.481,0,0
3039,-0.17540701673943,-0.4805,0,0
3040,-0.17540701836393,-0.48,0,0
3041,-0.17540701998842,-0.4795,0,0
3042,-0.17540702161291,-0.479,0,0
3043,-0.1754070232374,-0.4785,0,0
3044,-0.17540702486189,-0.478,0,0
3045,-0.17540702648638,-0.4775,0,0
3046,-0.17540702811087,-0.477,0,0
3047,-0.17540702973536,-0.4765,0,0
3048,-0.17540703135985,-0.476,0,0
3049,-0.17540703298434,-0.4755,0,0
3050,-0.17540703460884,-0.475,0,0
3051,-0.17540703623333,-0.4745,0,0
3052,-0.17540703785782,-0.474,0,0
3053,-0.17540703948231,-0.4735,0,0
3054,-0.1754070411068,-0.473,0,0
3055,-0.17540704273129,-0.4725,0,0
3056,-0.17540704435578,-0.472,0,0
3057,-0.17540704598027,-0.4715,0,0
3058,-0.17540704760476,-0.471,0,0
3059,-0.17540704922925,-0.4705,0,0
3060,-0.17540705085375,-0.47,0,0
3061,-0.17540705247824,-0.4695,0,0
3062,-0.17540705410273,-0.469,0,0
3063,-0.17540705572722,-0.4685,0,0
3064,-0.17540705735171,-0.468,0,0
3065,-0.1754070589762,-0.4675,0,0
3066,-0.17540706060069,-0.467,0,0
3067,-0.17540706222518,-0.4665,0,0
3068,-0.17540706384967,-0.466,0,0
3069,-0.17540706547416,-0.4655,0,0
3070,-0.17540706709866,-0.465,0,0
3071,-0.17540706872315,-0.4645,0,0
3072,-0.17540707034764,-0.464,0,0
3073,-0.17540707197213,-0.4635,0,0
3074,-0.17540707359662,-0.463,0,0
3075,-0.17540707522111,-0.4625,0,0
3076,-0.1754070768456,-0.462,0,0
3077,-0.17540707847009,-0.4615,0,0
3078,-0.17540708009458,-0.461,0,0
3079,-0.17540708171907,-0.4605,0,0
3080,-0.17540708334357,-0.46,0,0
3081,-0.17540708496806,-0.4595,0,0
3082,-0.17540708659255,-0.459,0,0
3083,-0.17540708821704,-0.4585,0,0
3084,-0.17540708984153,-0.458,0,0
3085,-0.17540709146602,-0.4575,0,0
3086,-0.17540709309051,-0.457,0,0
3087,-0.175407094715,-0.4565,0,0
3088,-0.17540709633949,-0.456,0,0
3089,-0.17540709796399,-0.4555,0,0
3090,-0.17540709958848,-0.455,0,0
3091,-0.17540710121297,-0.4545,0,0
3092,-0.17540710283746,-0.454,0,0
3093,-0.17540710446195,-0.4535,0,0
3094,-0.17540710608644,-0.453,0,0
3095,-0.17540710771093,-0.4525,0,0
3096,-0.17540710933542,-0.452,0,0
3097,-0.17540711095991,-0.4515,0,0
3098,-0.1754071125844,-0.451,0,0
3099,-0.1754071142089,-0.4505,0,0
3100,-0.17540711583339,-0.45,0,0
3101,-0.17540711745788,-0.4495,0,0
3102,-0.17540711908237,-0.449,0,0
3103,-0.17540712070686,-0.4485,0,0
3104,-0.17540712233135,-0.448,0,0
3105,-0.17540712395584,-0.4475,0,0
3106,-0.17540712558033,-0.447,0,0
3107,-0.17540712720482,-0.4465,0,0
3108,-0.17540712882931,-0.446,0,0
3109,-0.17540713045381,-0.4455,0,0
3110,-0.1754071320783,-0.445,0,0
3111,-0.17540713370279,-0.4445,0,0
3112,-0.17540713532728,-0.444,0,0
3113,-0.17540713695177,-0.4435,0,0
3114,-0.17540713857626,-0.443,0,0
3115,-0.17540714020075,-0.4425,0,0
3116,-0.17540714182524,-0.442,0,0
3117,-0.17540714344973,-0.4415,0,0
3118,-0.17540714507422,-0.441,0,0
3119,-0.17540714669872,-0.4405,0,0
3120,-0.17540714832321,-0.44,0,0
3121,-0.1754071499477,-0.4395,0,0
3122,-0.17540715157219,-0.439,0,0
3123,-0.17540715319668,-0.4385,0,0
3124,-0.17540715482117,-0.438,0,0
3125,-0.17540715644566,-0.4375,0,0
3126,-0.17540715807015,-0.437,0,0
3127,-0.17540715969464,-0.4365,0,0
3128,-0.17540716131914,-0.436,0,0
3129,-0.17540716294363,-0.4355,0,0
3130,-0.17540716456812,-0.435,0,0
3131,-0.17540716619261,-0.4345,0,0
3132,-0.1754071678171,-0.434,0,0
3133,-0.17540716944159,-0.4335,0,0
3134,-0.17540717106608,-0.433,0,0
3135,-0.17540717269057,-0.4325,0,0
3136,-0.17540717431506,-0.432,0,0
3137,-0.17540717593955,-0.4315,0,0
3138,-0.17540717756405,-0.431,0,0
3139,-0.17540717918854,-0.4305,0,0
3140,-0.17540718081303,-0.43,0,0
3141,-0.17540718243752,-0.4295,0,0
3142,-0.17540718406201,-0.429,0,0
3143,-0.1754071856865,-0.4285,0,0
3144,-0.17540718731099,-0.428,0,0
3145,-0.17540718893548,-0.4275,0,0
3146,-0.17540719055997,-0.427,0,0
3147,-0.17540719218446,-0.4265,0,0
3148,-0.17540719380896,-0.426,0,0
3149,-0.17540719543345,-0.4255,0,0
3150,-0.17540719705794,-0.425,0,0
3151,-0.17540719868243,-0.4245,0,0
3152,-0.17540720030692,-0.424,0,0
3153,-0.17540720193141,-0.4235,0,0
3154,-0.1754072035559,-0.423,0,0
3155,-0.17540720518039,-0.4225,0,0
3156,-0.17540720680488,-0.422,0,0
3157,-0.17540720842937,-0.4215,0,0
3158,-0.17540721005387,-0.421,0,0
3159,-0.17540721167836,-0.4205,0,0
3160,-0.17540721330285,-0.42,0,0
3161,-0.17540721492734,-0.4195,0,0
3162,-0.17540721655183,-0.419,0,0
3163,-0.17540721817632,-0.4185,0,0
3164,-0.17540721980081,-0.418,0,0
3165,-0.1754072214253,-0.4175,0,0
3166,-0.17540722304979,-0.417,0,0
3167,-0.17540722467428,-0.4165,0,0
3168,-0.17540722629878,-0.416,0,0
3169,-0.17540722792327,-0.4155,0,0
3170,-0.17540722954776,-0.415,0,0
3171,-0.17540723117225,-0.4145,0,0
3172,-0.17540723279674,-0.414,0,0
3173,-0.17540723442123,-0.4135,0,0
3174,-0.17540723604572,-0.413,0,0
3175,-0.17540723767021,-0.4125,0,0
3176,-0.1754072392947,-0.412,0,0
3177,-0.1754072409192,-0.4115,0,0
3178,-0.17540724254369,-0.411,0,0
3179,-0.17540724416818,-0.4105,0,0
3180,-0.17540724579267,-0.41,0,0
3181,-0.17540724741716,-0.4095,0,0
3182,-0.17540724904165,-0.409,0,0
3183,-0.17540725066614,-0.4085,0,0
3184,-0.17540725229063,-0.408,0,0
3185,-0.17540725391512,-0.4075,0,0
3186,-0.17540725553961,-0.407,0,0
3187,-0.17540725716411,-0.4065,0,0
3188,-0.1754072587886,-0.406,0,0
3189,-0.17540726041309,-0.4055,0,0
3190,-0.17540726203758,-0.405,0,0
3191,-0.17540726366207,-0.4045,0,0
3192,-0.17540726528656,-0.404,0,0
3193,-0.17540726691105,-0.4035,0,0
3194,-0.17540726853554,-0.403,0,0
3195,-0.17540727016003,-0.4025,0,0
3196,-0.17540727178452,-0.402,0,0
3197,-0.17540727340902,-0.4015,0,0
3198,-0.17540727503351,-0.401,0,0
3199,-0.175407276658,-0.4005,0,0
3200,-0.17540727828249,-0.4,0,0
3201,-0.17540727990698,-0.3995,0,0
3202,-0.17540728153147,-0.399,0,0
3203,-0.17540728315596,-0.3985,0,0
3204,-0.17540728478045,-0.398,0,0
3205,-0.17540728640494,-0.3975,0,0
3206,-0.17540728802943,-0.397,0,0
3207,-0.17540728965393,-0.3965,0,0
3208,-0.17540729127842,-0.396,0,0
3209,-0.17540729290291,-0.3955,0,0
3210,-0.1754072945274,-0.395,0,0
3211,-0.17540729615189,-0.3945,0,0
3212,-0.17540729777638,-0.394,0,0
3213,-0.17540729940087,-0.3935,0,0
3214,-0.17540730102536,-0.393,0,0
3215,-0.17540730264985,-0.3925,0,0
3216,-0.17540730427434,-0.392,0,0
3217,-0.17540730589884,-0.3915,0,0
3218,-0.17540730752333,-0.391,0,0
3219,-0.17540730914782,-0.3905,0,0
3220,-0.17540731077231,-0.39,0,0
3221,-0.1754073123968,-0.3895,0,0
3222,-0.17540731402129,-0.389,0,0
3223,-0.17540731564578,-0.3885,0,0
3224,-0.17540731727027,-0.388,0,0
3225,-0.17540731889476,-0.3875,0,0
3226,-0.17540732051926,-0.387,0,0
3227,-0.17540732214375,-0.3865,0,0
3228,-0.17540732376824,-0.386,0,0
3229,-0.17540732539273,-0.3855,0,0
3230,-0.17540732701722,-0.385,0,0
3231,-0.17540732864171,-0.3845,0,0
3232,-0.1754073302662,-0.384,0,0
3233,-0.17540733189069,-0.3835,0,0
3234,-0.17540733351518,-0.383,0,0
3235,-0.17540733513967,-0.3825,0,0
3236,-0.17540733676417,-0.382,0,0
3237,-0.17540733838866,-0.3815,0,0
3238,-0.17540734001315,-0.381,0,0
3239,-0.17540734163764,-0.3805,0,0
3240,-0.17540734326213,-0.38,0,0
3241,-0.17540734488662,-0.3795,0,0
3242,-0.17540734651111,-0.379,0,0
3243,-0.1754073481356,-0.3785,0,0
3244,-0.17540734976009,-0.378,0,0
3245,-0.17540735138458,-0.3775,0,0
3246,-0.17540735300908,-0.377,0,0
3247,-0.17540735463357,-0.3765,0,0
3248,-0.17540735625806,-0.376,0,0
3249,-0.17540735788255,-0.3755,0,0
3250,-0.17540735950704,-0.375,0,0
3251,-0.17540736113153,-0.3745,0,0
3252,-0.17540736275602,-0.374,0,0
3253,-0.17540736438051,-0.3735,0,0
3254,-0.175407366005,-0.373,0,0
3255,-0.17540736762949,-0.3725,0,0
3256,-0.17540736925399,-0.372,0,0
3257,-0.17540737087848,-0.3715,0,0
3258,-0.17540737250297,-0.371,0,0
3259,-0.17540737412746,-0.3705,0,0
3260,-0.17540737575195,-0.37,0,0
3261,-0.17540737737644,-0.3695,0,0
3262,-0.17540737900093,-0.369,0,0
3263,-0.17540738062542,-0.3685,0,0
3264,-0.17540738224991,-0.368,0,0
3265,-0.17540738387441,-0.3675,0,0
3266,-0.1754073854989,-0.367,0,0
3267,-0.17540738712339,-0.3665,0,0
3268,-0.17540738874788,-0.366,0,0
3269,-0.17540739037237,-0.3655,0,0
3270,-0.17540739199686,-0.365,0,0
3271,-0.17540739362135,-0.3645,0,0
3272,-0.17540739524584,-0.364,0,0
3273,-0.17540739687033,-0.3635,0,0
3274,-0.17540739849482,-0.363,0,0
3275,-0.17540740011932,-0.3625,0,0
3276,-0.17540740174381,-0.362,0,0
3277,-0.1754074033683,-0.3615,0,0
3278,-0.17540740499279,-0.361,0,0
3279,-0.17540740661728,-0.3605,0,0
3280,-0.17540740824177,-0.36,0,0
3281,-0.17540740986626,-0.3595,0,0
3282,-0.17540741149075,-0.359,0,0
3283,-0.17540741311524,-0.3585,0,0
3284,-0.17540741473973,-0.358,0,0
3285,-0.17540741636423,-0.3575,0,0
3286,-0.17540741798872,-0.357,0,0
3287,-0.17540741961321,-0.3565,0,0
3288,-0.1754074212377,-0.356,0,0
3289,-0.17540742286219,-0.3555,0,0
3290,-0.17540742448668,-0.355,0,0
3291,-0.17540742611117,-0.3545,0,0
3292,-0.17540742773566,-0.354,0,0
3293,-0.17540742936015,-0.3535,0,0
3294,-0.17540743098464,-0.353,0,0
3295,-0.17540743260914,-0.3525,0,0
3296,-0.17540743423363,-0.352,0,0
3297,-0.17540743585812,-0.3515,0,0
3298,-0.17540743748261,-0.351,0,0
3299,-0.1754074391071,-0.3505,0,0
3300,-0.17540744073159,-0.35,0,0
3301,-0.17540744235608,-0.3495,0,0
3302,-0.17540744398057,-0.349,0,0
3303,-0.17540744560506,-0.3485,0,0
3304,-0.17540744722955,-0.348,0,0
3305,-0.17540744885405,-0.3475,0,0
3306,-0.17540745047854,-0.347,0,0
3307,-0.17540745210303,-0.3465,0,0
3308,-0.17540745372752,-0.346,0,0
3309,-0.17540745535201,-0.3455,0,0
3310,-0.1754074569765,-0.345,0,0
3311,-0.17540745860099,-0.3445,0,0
3312,-0.17540746022548,-0.344,0,0
3313,-0.17540746184997,-0.3435,0,0
3314,-0.17540746347447,-0.343,0,0
3315,-0.17540746509896,-0.3425,0,0
3316,-0.17540746672345,-0.342,0,0
3317,-0.17540746834794,-0.3415,0,0
3318,-0.17540746997243,-0.341,0,0
3319,-0.17540747159692,-0.3405,0,0
3320,-0.17540747322141,-0.34,0,0
3321,-0.1754074748459,-0.3395,0,0
3322,-0.17540747647039,-0.339,0,0
3323,-0.17540747809488,-0.3385,0,0
3324,-0.17540747971938,-0.338,0,0
3325,-0.17540748134387,-0.3375,0,0
3326,-0.17540748296836,-0.337,0,0
3327,-0.17540748459285,-0.3365,0,0
3328,-0.17540748621734,-0.336,0,0
3329,-0.17540748784183,-0.3355,0,0
3330,-0.17540748946632,-0.335,0,0
3331,-0.17540749109081,-0.3345,0,0
3332,-0.1754074927153,-0.334,0,0
3333,-0.17540749433979,-0.3335,0,0
3334,-0.17540749596429,-0.333,0,0
3335,-0.17540749758878,-0.3325,0,0
3336,-0.17540749921327,-0.332,0,0
3337,-0.17540750083776,-0.3315,0,0
3338,-0.17540750246225,-0.331,0,0
3339,-0.17540750408674,-0.3305,0,0
3340,-0.17540750571123,-0.33,0,0
3341,-0.17540750733572,-0.3295,0,0
3342,-0.17540750896021,-0.329,0,0
3343,-0.1754075105847,-0.3285,0,0
3344,-0.1754075122092,-0.328,0,0
3345,-0.17540751383369,-0.3275,0,0
3346,-0.17540751545818,-0.327,0,0
3347,-0.17540751708267,-0.3265,0,0
3348,-0.17540751870716,-0.326,0,0
3349,-0.17540752033165,-0.3255,0,0
3350,-0.17540752195614,-0.325,0,0
3351,-0.17540752358063,-0.3245,0,0
3352,-0.17540752520512,-0.324,0,0
3353,-0.17540752682961,-0.3235,0,0
3354,-0.17540752845411,-0.323,0,0
3355,-0.1754075300786,-0.3225,0,0
3356,-0.17540753170309,-0.322,0,0
3357,-0.17540753332758,-0.3215,0,0
3358,-0.17540753495207,-0.321,0,0
3359,-0.17540753657656,-0.3205,0,0
3360,-0.17540753820105,-0.32,0,0
3361,-0.17540753982554,-0.3195,0,0
3362,-0.17540754145003,-0.319,0,0
3363,-0.17540754307453,-0.3185,0,0
3364,-0.17540754469902,-0.318,0,0
3365,-0.17540754632351,-0.3175,0,0
3366,-0.175407547948,-0.317,0,0
3367,-0.17540754957249,-0.3165,0,0
3368,-0.17540755119698,-0.316,0,0
3369,-0.17540755282147,-0.3155,0,0
3370,-0.17540755444596,-0.315,0,0
3371,-0.17540755607045,-0.3145,0,0
3372,-0.17540755769494,-0.314,0,0
3373,-0.17540755931944,-0.3135,0,0
3374,-0.17540756094393,-0.313,0,0
3375,-0.17540756256842,-0.3125,0,0
3376,-0.17540756419291,-0.312,0,0
3377,-0.1754075658174,-0.3115,0,0
3378,-0.17540756744189,-0.311,0,0
3379,-0.17540756906638,-0.3105,0,0
3380,-0.17540757069087,-0.31,0,0
3381,-0.17540757231536,-0.3095,0,0
3382,-0.17540757393985,-0.309,0,0
3383,-0.17540757556435,-0.3085,0,0
3384,-0.17540757718884,-0.308,0,0
3385,-0.17540757881333,-0.3075,0,0
3386,-0.17540758043782,-0.307,0,0
3387,-0.17540758206231,-0.3065,0,0
3388,-0.1754075836868,-0.306,0,0
3389,-0.17540758531129,-0.3055,0,0
3390,-0.17540758693578,-0.305,0,0
3391,-0.17540758856027,-0.3045,0,0
3392,-0.17540759018476,-0.304,0,0
3393,-0.17540759180926,-0.3035,0,0
3394,-0.17540759343375,-0.303,0,0
3395,-0.17540759505824,-0.3025,0,0
3396,-0.17540759668273,-0.302,0,0
3397,-0.17540759830722,-0.3015,0,0
3398,-0.17540759993171,-0.301,0,0
3399,-0.1754076015562,-0.3005,0,0
3400,-0.17540760318069,-0.3,0,0
3401,-0.17540760480518,-0.2995,0,0
3402,-0.17540760642968,-0.299,0,0
3403,-0.17540760805417,-0.2985,0,0
3404,-0.17540760967866,-0.298,0,0
3405,-0.17540761130315,-0.2975,0,0
3406,-0.17540761292764,-0.297,0,0
3407,-0.17540761455213,-0.2965,0,0
3408,-0.17540761617662,-0.296,0,0
3409,-0.17540761780111,-0.2955,0,0
3410,-0.1754076194256,-0.295,0,0
3411,-0.17540762105009,-0.2945,0,0
3412,-0.17540762267459,-0.294,0,0
3413,-0.17540762429908,-0.2935,0,0
3414,-0.17540762592357,-0.293,0,0
3415,-0.17540762754806,-0.2925,0,0
3416,-0.17540762917255,-0.292,0,0
3417,-0.17540763079704,-0.2915,0,0
3418,-0.17540763242153,-0.291,0,0
3419,-0.17540763404602,-0.2905,0,0
3420,-0.17540763567051,-0.29,0,0
3421,-0.175407637295,-0.2895,0,0
3422,-0.1754076389195,-0.289,0,0
3423,-0.17540764054399,-0.2885,0,0
3424,-0.17540764216848,-0.288,0,0
3425,-0.17540764379297,-0.2875,0,0
3426,-0.17540764541746,-0.287,0,0
3427,-0.17540764704195,-0.2865,0,0
3428,-0.17540764866644,-0.286,0,0
3429,-0.17540765029093,-0.2855,0,0
3430,-0.17540765191542,-0.285,0,0
3431,-0.17540765353991,-0.2845,0,0
3432,-0.17540765516441,-0.284,0,0
3433,-0.1754076567889,-0.2835,0,0
3434,-0.17540765841339,-0.283,0,0
3435,-0.17540766003788,-0.2825,0,0
3436,-0.17540766166237,-0.282,0,0
3437,-0.17540766328686,-0.2815,0,0
3438,-0.17540766491135,-0.281,0,0
3439,-0.17540766653584,-0.2805,0,0
3440,-0.17540766816033,-0.28,0,0
3441,-0.17540766978482,-0.2795,0,0
3442,-0.17540767140932,-0.279,0,0
3443,-0.17540767303381,-0.2785,0,0
3444,-0.1754076746583,-0.278,0,0
3445,-0.17540767628279,-0.2775,0,0
3446,-0.17540767790728,-0.277,0,0
3447,-0.17540767953177,-0.2765,0,0
3448,-0.17540768115626,-0.276,0,0
3449,-0.17540768278075,-0.2755,0,0
3450,-0.17540768440524,-0.275,0,0
3451,-0.17540768602974,-0.2745,0,0
3452,-0.17540768765423,-0.274,0,0
3453,-0.17540768927872,-0.2735,0,0
3454,-0.17540769090321,-0.273,0,0
3455,-0.1754076925277,-0.2725,0,0
3456,-0.17540769415219,-0.272,0,0
3457,-0.17540769577668,-0.2715,0,0
3458,-0.17540769740117,-0.271,0,0
3459,-0.17540769902566,-0.2705,0,0
3460,-0.17540770065015,-0.27,0,0
3461,-0.17540770227465,-0.2695,0,0
3462,-0.17540770389914,-0.269,0,0
3463,-0.17540770552363,-0.2685,0,0
3464,-0.17540770714812,-0.268,0,0
3465,-0.17540770877261,-0.2675,0,0
3466,-0.1754077103971,-0.267,0,0
3467,-0.17540771202159,-0.2665,0,0
3468,-0.17540771364608,-0.266,0,0
3469,-0.17540771527057,-0.2655,0,0
3470,-0.17540771689506,-0.265,0,0
3471,-0.17540771851956,-0.2645,0,0
3472,-0.17540772014405,-0.264,0,0
3473,-0.17540772176854,-0.2635,0,0
3474,-0.17540772339303,-0.263,0,0
3475,-0.17540772501752,-0.2625,0,0
3476,-0.17540772664201,-0.262,0,0
3477,-0.1754077282665,-0.2615,0,0
3478,-0.17540772989099,-0.261,0,0
3479,-0.17540773151548,-0.2605,0,0
3480,-0.17540773313997,-0.26,0,0
3481,-0.17540773476447,-0.2595,0,0
3482,-0.17540773638896,-0.259,0,0
3483,-0.17540773801345,-0.2585,0,0
3484,-0.17540773963794,-0.258,0,0
3485,-0.17540774126243,-0.2575,0,0
3486,-0.17540774288692,-0.257,0,0
3487,-0.17540774451141,-0.2565,0,0
3488,-0.1754077461359,-0.256,0,0
3489,-0.17540774776039,-0.2555,0,0
3490,-0.17540774938488,-0.255,0,0
3491,-0.17540775100938,-0.2545,0,0
3492,-0.17540775263387,-0.254,0,0
3493,-0.17540775425836,-0.2535,0,0
3494,-0.17540775588285,-0.253,0,0
3495,-0.17540775750734,-0.2525,0,0
3496,-0.17540775913183,-0.252,0,0
3497,-0.17540776075632,-0.2515,0,0
3498,-0.17540776238081,-0.251,0,0
3499,-0.1754077640053,-0.2505,0,0
3500,-0.1754077656298,-0.25,0,0
3501,-0.17540776725429,-0.2495,0,0
3502,-0.17540776887878,-0.249,0,0
3503,-0.17540777050327,-0.2485,0,0
3504,-0.17540777212776,-0.248,0,0
3505,-0.17540777375225,-0.2475,0,0
3506,-0.17540777537674,-0.247,0,0
3507,-0.17540777700123,-0.2465,0,0
3508,-0.17540777862572,-0.246,0,0
3509,-0.17540778025021,-0.2455,0,0
3510,-0.17540778187471,-0.245,0,0
3511,-0.1754077834992,-0.2445,0,0
3512,-0.17540778512369,-0.244,0,0
3513,-0.17540778674818,-0.2435,0,0
3514,-0.17540778837267,-0.243,0,0
3515,-0.17540778999716,-0.2425,0,0
3516,-0.17540779162165,-0.242,0,0
3517,-0.17540779324614,-0.2415,0,0
3518,-0.17540779487063,-0.241,0,0
3519,-0.17540779649512,-0.2405,0,0
3520,-0.17540779811962,-0.24,0,0
3521,-0.17540779974411,-0.2395,0,0
3522,-0.1754078013686,-0.239,0,0
3523,-0.17540780299309,-0.2385,0,0
3524,-0.17540780461758,-0.238,0,0
3525,-0.17540780624207,-0.2375,0,0
3526,-0.17540780786656,-0.237,0,0
3527,-0.17540780949105,-0.2365,0,0
3528,-0.17540781111554,-0.236,0,0
3529,-0.17540781274003,-0.2355,0,0
3530,-0.17540781436453,-0.235,0,0
3531,-0.17540781598902,-0.2345,0,0
3532,-0.17540781761351,-0.234,0,0
3533,-0.175407819238,-0.2335,0,0
3534,-0.17540782086249,-0.233,0,0
3535,-0.17540782248698,-0.2325,0,0
3536,-0.17540782411147,-0.232,0,0
3537,-0.17540782573596,-0.2315,0,0
3538,-0.17540782736045,-0.231,0,0
3539,-0.17540782898495,-0.2305,0,0
3540,-0.17540783060944,-0.23,0,0
3541,-0.17540783223393,-0.2295,0,0
3542,-0.17540783385842,-0.229,0,0
3543,-0.17540783548291,-0.2285,0,0
3544,-0.1754078371074,-0.228,0,0
3545,-0.17540783873189,-0.2275,0,0
3546,-0.17540784035638,-0.227,0,0
3547,-0.17540784198087,-0.2265,0,0
3548,-0.17540784360536,-0.226,0,0
3549,-0.17540784522986,-0.2255,0,0
3550,-0.17540784685435,-0.225,0,0
3551,-0.17540784847884,-0.2245,0,0
3552,-0.17540785010333,-0.224,0,0
3553,-0.17540785172782,-0.2235,0,0
3554,-0.17540785335231,-0.223,0,0
3555,-0.1754078549768,-0.2225,0,0
3556,-0.17540785660129,-0.222,0,0
3557,-0.17540785822578,-0.2215,0,0
3558,-0.17540785985027,-0.221,0,0
3559,-0.17540786147477,-0.2205,0,0
3560,-0.17540786309926,-0.22,0,0
3561,-0.17540786472375,-0.2195,0,0
3562,-0.17540786634824,-0.219,0,0
3563,-0.17540786797273,-0.2185,0,0
3564,-0.17540786959722,-0.218,0,0
3565,-0.17540787122171,-0.2175,0,0
3566,-0.1754078728462,-0.217,0,0
3567,-0.17540787447069,-0.2165,0,0
3568,-0.17540787609518,-0.216,0,0
3569,-0.17540787771968,-0.2155,0,0
3570,-0.17540787934417,-0.215,0,0
3571,-0.17540788096866,-0.2145,0,0
3572,-0.17540788259315,-0.214,0,0
3573,-0.17540788421764,-0.2135,0,0
3574,-0.17540788584213,-0.213,0,0
3575,-0.17540788746662,-0.2125,0,0
3576,-0.17540788909111,-0.212,0,0
3577,-0.1754078907156,-0.2115,0,0
3578,-0.17540789234009,-0.211,0,0
3579,-0.17540789396459,-0.2105,0,0
3580,-0.17540789558908,-0.21,0,0
3581,-0.17540789721357,-0.2095,0,0
3582,-0.17540789883806,-0.209,0,0
3583,-0.17540790046255,-0.2085,0,0
3584,-0.17540790208704,-0.208,0,0
3585,-0.17540790371153,-0.2075,0,0
3586,-0.17540790533602,-0.207,0,0
3587,-0.17540790696051,-0.2065,0,0
3588,-0.17540790858501,-0.206,0,0
3589,-0.1754079102095,-0.2055,0,0
3590,-0.17540791183399,-0.205,0,0
3591,-0.17540791345848,-0.2045,0,0
3592,-0.17540791508297,-0.204,0,0
3593,-0.17540791670746,-0.2035,0,0
3594,-0.17540791833195,-0.203,0,0
3595,-0.17540791995644,-0.2025,0,0
3596,-0.17540792158093,-0.202,0,0
3597,-0.17540792320542,-0.2015,0,0
3598,-0.17540792482992,-0.201,0,0
3599,-0.17540792645441,-0.2005,0,0
3600,-0.1754079280789,-0.2,0,0
3601,-0.17540792970339,-0.1995,0,0
3602,-0.17540793132788,-0.199,0,0
3603,-0.17540793295237,-0.1985,0,0
3604,-0.17540793457686,-0.198,0,0
3605,-0.17540793620135,-0.1975,0,0
3606,-0.17540793782584,-0.197,0,0
3607,-0.17540793945033,-0.1965,0,0
3608,-0.17540794107483,-0.196,0,0
3609,-0.17540794269932,-0.1955,0,0
3610,-0.17540794432381,-0.195,0,0
3611,-0.1754079459483,-0.1945,0,0
3612,-0.17540794757279,-0.194,0,0
3613,-0.17540794919728,-0.1935,0,0
3614,-0.17540795082177,-0.193,0,0
3615,-0.17540795244626,-0.1925,0,0
3616,-0.17540795407075,-0.192,0,0
3617,-0.17540795569524,-0.1915,0,0
3618,-0.17540795731974,-0.191,0,0
3619,-0.17540795894423,-0.1905,0,0
3620,-0.17540796056872,-0.19,0,0
3621,-0.17540796219321,-0.1895,0,0
3622,-0.1754079638177,-0.189,0,0
3623,-0.17540796544219,-0.1885,0,0
3624,-0.17540796706668,-0.188,0,0
3625,-0.17540796869117,-0.1875,0,0
3626,-0.17540797031566,-0.187,0,0
3627,-0.17540797194016,-0.1865,0,0
3628,-0.17540797356465,-0.186,0,0
3629,-0.17540797518914,-0.1855,0,0
3630,-0.17540797681363,-0.185,0,0
3631,-0.17540797843812,-0.1845,0,0
3632,-0.17540798006261,-0.184,0,0
3633,-0.1754079816871,-0.1835,0,0
3634,-0.17540798331159,-0.183,0,0
3635,-0.17540798493608,-0.1825,0,0
3636,-0.17540798656057,-0.182,0,0
3637,-0.17540798818507,-0.1815,0,0
3638,-0.17540798980956,-0.181,0,0
3639,-0.17540799143405,-0.1805,0,0
3640,-0.17540799305854,-0.18,0,0
3641,-0.17540799468303,-0.1795,0,0
3642,-0.17540799630752,-0.179,0,0
3643,-0.17540799793201,-0.1785,0,0
3644,-0.1754079995565,-0.178,0,0
3645,-0.17540800118099,-0.1775,0,0
3646,-0.17540800280548,-0.177,0,0
3647,-0.17540800442998,-0.1765,0,0
3648,-0.17540800605447,-0.176,0,0
3649,-0.17540800767896,-0.1755,0,0
3650,-0.17540800930345,-0.175,0,0
3651,-0.17540801092794,-0.1745,0,0
3652,-0.17540801255243,-0.174,0,0
3653,-0.17540801417692,-0.1735,0,0
3654,-0.17540801580141,-0.173,0,0
3655,-0.1754080174259,-0.1725,0,0
3656,-0.17540801905039,-0.172,0,0
3657,-0.17540802067489,-0.1715,0,0
3658,-0.17540802229938,-0.171,0,0
3659,-0.17540802392387,-0.1705,0,0
3660,-0.17540802554836,-0.17,0,0
3661,-0.17540802717285,-0.1695,0,0
3662,-0.17540802879734,-0.169,0,0
3663,-0.17540803042183,-0.1685,0,0
3664,-0.17540803204632,-0.168,0,0
3665,-0.17540803367081,-0.1675,0,0
3666,-0.1754080352953,-0.167,0,0
3667,-0.1754080369198,-0.1665,0,0
3668,-0.17540803854429,-0.166,0,0
3669,-0.17540804016878,-0.1655,0,0
3670,-0.17540804179327,-0.165,0,0
3671,-0.17540804341776,-0.1645,0,0
3672,-0.17540804504225,-0.164,0,0
3673,-0.17540804666674,-0.1635,0,0
3674,-0.17540804829123,-0.163,0,0
3675,-0.17540804991572,-0.1625,0,0
3676,-0.17540805154022,-0.162,0,0
3677,-0.17540805316471,-0.1615,0,0
3678,-0.1754080547892,-0.161,0,0
3679,-0.17540805641369,-0.1605,0,0
3680,-0.17540805803818,-0.16,0,0
3681,-0.17540805966267,-0.1595,0,0
3682,-0.17540806128716,-0.159,0,0
3683,-0.17540806291165,-0.1585,0,0
3684,-0.17540806453614,-0.158,0,0
3685,-0.17540806616063,-0.1575,0,0
3686,-0.17540806778513,-0.157,0,0
3687,-0.17540806940962,-0.1565,0,0
3688,-0.17540807103411,-0.156,0,0
3689,-0.1754080726586,-0.1555,0,0
3690,-0.17540807428309,-0.155,0,0
3691,-0.17540807590758,-0.1545,0,0
3692,-0.17540807753207,-0.154,0,0
3693,-0.17540807915656,-0.1535,0,0
3694,-0.17540808078105,-0.153,0,0
3695,-0.17540808240554,-0.1525,0,0
3696,-0.17540808403004,-0.152,0,0
3697,-0.17540808565453,-0.1515,0,0
3698,-0.17540808727902,-0.151,0,0
3699,-0.17540808890351,-0.1505,0,0
3700,-0.175408090528,-0.15,0,0
3701,-0.17540809215249,-0.1495,0,0
3702,-0.17540809377698,-0.149,0,0
3703,-0.17540809540147,-0.1485,0,0
3704,-0.17540809702596,-0.148,0,0
3705,-0.17540809865045,-0.1475,0,0
3706,-0.17540810027495,-0.147,0,0
3707,-0.17540810189944,-0.1465,0,0
3708,-0.17540810352393,-0.146,0,0
3709,-0.17540810514842,-0.1455,0,0
3710,-0.17540810677291,-0.145,0,0
3711,-0.1754081083974,-0.1445,0,0
3712,-0.17540811002189,-0.144,0,0
3713,-0.17540811164638,-0.1435,0,0
3714,-0.17540811327087,-0.143,0,0
3715,-0.17540811489536,-0.1425,0,0
3716,-0.17540811651986,-0.142,0,0
3717,-0.17540811814435,-0.1415,0,0
3718,-0.17540811976884,-0.141,0,0
3719,-0.17540812139333,-0.1405,0,0
3720,-0.17540812301782,-0.14,0,0
3721,-0.17540812464231,-0.1395,0,0
3722,-0.1754081262668,-0.139,0,0
3723,-0.17540812789129,-0.1385,0,0
3724,-0.17540812951578,-0.138,0,0
3725,-0.17540813114028,-0.1375,0,0
3726,-0.17540813276477,-0.137,0,0
3727,-0.17540813438926,-0.1365,0,0
3728,-0.17540813601375,-0.136,0,0
3729,-0.17540813763824,-0.1355,0,0
3730,-0.17540813926273,-0.135,0,0
3731,-0.17540814088722,-0.1345,0,0
3732,-0.17540814251171,-0.134,0,0
3733,-0.1754081441362,-0.1335,0,0
3734,-0.17540814576069,-0.133,0,0
3735,-0.17540814738519,-0.1325,0,0
3736,-0.17540814900968,-0.132,0,0
3737,-0.17540815063417,-0.1315,0,0
3738,-0.17540815225866,-0.131,0,0
3739,-0.17540815388315,-0.1305,0,0
3740,-0.17540815550764,-0.13,0,0
3741,-0.17540815713213,-0.1295,0,0
3742,-0.17540815875662,-0.129,0,0
3743,-0.17540816038111,-0.1285,0,0
3744,-0.1754081620056,-0.128,0,0
3745,-0.1754081636301,-0.1275,0,0
3746,-0.17540816525459,-0.127,0,0
3747,-0.17540816687908,-0.1265,0,0
3748,-0.17540816850357,-0.126,0,0
3749,-0.17540817012806,-0.1255,0,0
3750,-0.17540817175255,-0.125,0,0
3751,-0.17540817337704,-0.1245,0,0
3752,-0.17540817500153,-0.124,0,0
3753,-0.17540817662602,-0.1235,0,0
3754,-0.17540817825051,-0.123,0,0
3755,-0.17540817987501,-0.1225,0,0
3756,-0.1754081814995,-0.122,0,0
3757,-0.17540818312399,-0.1215,0,0
3758,-0.17540818474848,-0.121,0,0
3759,-0.17540818637297,-0.1205,0,0
3760,-0.17540818799746,-0.12,0,0
3761,-0.17540818962195,-0.1195,0,0
3762,-0.17540819124644,-0.119,0,0
3763,-0.17540819287093,-0.1185,0,0
3764,-0.17540819449543,-0.118,0,0
3765,-0.17540819611992,-0.1175,0,0
3766,-0.17540819774441,-0.117,0,0
3767,-0.1754081993689,-0.1165,0,0
3768,-0.17540820099339,-0.116,0,0
3769,-0.17540820261788,-0.1155,0,0
3770,-0.17540820424237,-0.115,0,0
3771,-0.17540820586686,-0.1145,0,0
3772,-0.17540820749135,-0.114,0,0
3773,-0.17540820911584,-0.1135,0,0
3774,-0.17540821074034,-0.113,0,0
3775,-0.17540821236483,-0.1125,0,0
3776,-0.17540821398932,-0.112,0,0
3777,-0.17540821561381,-0.1115,0,0
3778,-0.1754082172383,-0.111,0,0
3779,-0.17540821886279,-0.1105,0,0
3780,-0.17540822048728,-0.11,0,0
3781,-0.17540822211177,-0.1095,0,0
3782,-0.17540822373626,-0.109,0,0
3783,-0.17540822536075,-0.1085,0,0
3784,-0.17540822698525,-0.108,0,0
3785,-0.17540822860974,-0.1075,0,0
3786,-0.17540823023423,-0.107,0,0
3787,-0.17540823185872,-0.1065,0,0
3788,-0.17540823348321,-0.106,0,0
3789,-0.1754082351077,-0.1055,0,0
3790,-0.17540823673219,-0.105,0,0
3791,-0.17540823835668,-0.1045,0,0
3792,-0.17540823998117,-0.104,0,0
3793,-0.17540824160566,-0.1035,0,0
3794,-0.17540824323016,-0.103,0,0
3795,-0.17540824485465,-0.1025,0,0
3796,-0.17540824647914,-0.102,0,0
3797,-0.17540824810363,-0.1015,0,0
3798,-0.17540824972812,-0.101,0,0
3799,-0.17540825135261,-0.1005,0,0
3800,-0.1754082529771,-0.1,0,0
3801,-0.17540825460159,-0.0995,0,0
3802,-0.17540825622608,-0.099,0,0
3803,-0.17540825785057,-0.0985,0,0
3804,-0.17540825947507,-0.098,0,0
3805,-0.17540826109956,-0.0975,0,0
3806,-0.17540826272405,-0.097,0,0
3807,-0.17540826434854,-0.0965,0,0
3808,-0.17540826597303,-0.096,0,0
3809,-0.17540826759752,-0.0955,0,0
3810,-0.17540826922201,-0.095,0,0
3811,-0.1754082708465,-0.0945,0,0
3812,-0.17540827247099,-0.094,0,0
3813,-0.17540827409549,-0.0935,0,0
3814,-0.17540827571998,-0.093,0,0
3815,-0.17540827734447,-0.0925,0,0
3816,-0.17540827896896,-0.092,0,0
3817,-0.17540828059345,-0.0915,0,0
3818,-0.17540828221794,-0.091,0,0
3819,-0.17540828384243,-0.0905,0,0
3820,-0.17540828546692,-0.09,0,0
3821,-0.17540828709141,-0.0895,0,0
3822,-0.1754082887159,-0.089,0,0
3823,-0.1754082903404,-0.0885,0,0
3824,-0.17540829196489,-0.088,0,0
3825,-0.17540829358938,-0.0875,0,0
3826,-0.17540829521387,-0.087,0,0
3827,-0.17540829683836,-0.0865,0,0
3828,-0.17540829846285,-0.086,0,0
3829,-0.17540830008734,-0.0855,0,0
3830,-0.17540830171183,-0.085,0,0
3831,-0.17540830333632,-0.0845,0,0
3832,-0.17540830496081,-0.084,0,0
3833,-0.17540830658531,-0.0835,0,0
3834,-0.1754083082098,-0.083,0,0
3835,-0.17540830983429,-0.0825,0,0
3836,-0.17540831145878,-0.082,0,0
3837,-0.17540831308327,-0.0815,0,0
3838,-0.17540831470776,-0.081,0,0
3839,-0.17540831633225,-0.0805,0,0
3840,-0.17540831795674,-0.08,0,0
3841,-0.17540831958123,-0.0795,0,0
3842,-0.17540832120572,-0.079,0,0
3843,-0.17540832283022,-0.0785,0,0
3844,-0.17540832445471,-0.078,0,0
3845,-0.1754083260792,-0.0775,0,0
3846,-0.17540832770369,-0.077,0,0
3847,-0.17540832932818,-0.0765,0,0
3848,-0.17540833095267,-0.076,0,0
3849,-0.17540833257716,-0.0755,0,0
3850,-0.17540833420165,-0.075,0,0
3851,-0.17540833582614,-0.0745,0,0
3852,-0.17540833745063,-0.074,0,0
3853,-0.17540833907513,-0.0735,0,0
3854,-0.17540834069962,-0.073,0,0
3855,-0.17540834232411,-0.0725,0,0
3856,-0.1754083439486,-0.072,0,0
3857,-0.17540834557309,-0.0715,0,0
3858,-0.17540834719758,-0.071,0,0
3859,-0.17540834882207,-0.0705,0,0
3860,-0.17540835044656,-0.07,0,0
3861,-0.17540835207105,-0.0695,0,0
3862,-0.17540835369555,-0.069,0,0
3863,-0.17540835532004,-0.0685,0,0
3864,-0.17540835694453,-0.068,0,0
3865,-0.17540835856902,-0.0675,0,0
3866,-0.17540836019351,-0.067,0,0
3867,-0.175408361818,-0.0665,0,0
3868,-0.17540836344249,-0.066,0,0
3869,-0.17540836506698,-0.0655,0,0
3870,-0.17540836669147,-0.065,0,0
3871,-0.17540836831596,-0.0645,0,0
3872,-0.17540836994046,-0.064,0,0
3873,-0.17540837156495,-0.0635,0,0
3874,-0.17540837318944,-0.063,0,0
3875,-0.17540837481393,-0.0625,0,0
3876,-0.17540837643842,-0.062,0,0
3877,-0.17540837806291,-0.0615,0,0
3878,-0.1754083796874,-0.061,0,0
3879,-0.17540838131189,-0.0605,0,0
3880,-0.17540838293638,-0.06,0,0
3881,-0.17540838456087,-0.0595,0,0
3882,-0.17540838618537,-0.059,0,0
3883,-0.17540838780986,-0.0585,0,0
3884,-0.17540838943435,-0.058,0,0
3885,-0.17540839105884,-0.0575,0,0
3886,-0.17540839268333,-0.057,0,0
3887,-0.17540839430782,-0.0565,0,0
3888,-0.17540839593231,-0.056,0,0
3889,-0.1754083975568,-0.0555,0,0
3890,-0.17540839918129,-0.055,0,0
3891,-0.17540840080578,-0.0545,0,0
3892,-0.17540840243028,-0.054,0,0
3893,-0.17540840405477,-0.0535,0,0
3894,-0.17540840567926,-0.053,0,0
3895,-0.17540840730375,-0.0525,0,0
3896,-0.17540840892824,-0.052,0,0
3897,-0.17540841055273,-0.0515,0,0
3898,-0.17540841217722,-0.051,0,0
3899,-0.17540841380171,-0.0505,0,0
3900,-0.1754084154262,-0.05,0,0
3901,-0.1754084170507,-0.0495,0,0
3902,-0.17540841867519,-0.049,0,0
3903,-0.17540842029968,-0.0485,0,0
3904,-0.17540842192417,-0.048,0,0
3905,-0.17540842354866,-0.0475,0,0
3906,-0.17540842517315,-0.047,0,0
3907,-0.17540842679764,-0.0465,0,0
3908,-0.17540842842213,-0.046,0,0
3909,-0.17540843004662,-0.0455,0,0
3910,-0.17540843167111,-0.045,0,0
3911,-0.17540843329561,-0.0445,0,0
3912,-0.1754084349201,-0.044,0,0
3913,-0.17540843654459,-0.0435,0,0
3914,-0.17540843816908,-0.043,0,0
3915,-0.17540843979357,-0.0425,0,0
3916,-0.17540844141806,-0.042,0,0
3917,-0.17540844304255,-0.0415,0,0
3918,-0.17540844466704,-0.041,0,0
3919,-0.17540844629153,-0.0405,0,0
3920,-0.17540844791602,-0.04,0,0
3921,-0.17540844954052,-0.0395,0,0
3922,-0.17540845116501,-0.039,0,0
3923,-0.1754084527895,-0.0385,0,0
3924,-0.17540845441399,-0.038,0,0
3925,-0.17540845603848,-0.0375,0,0
3926,-0.17540845766297,-0.037,0,0
3927,-0.17540845928746,-0.0365,0,0
3928,-0.17540846091195,-0.036,0,0
3929,-0.17540846253644,-0.0355,0,0
3930,-0.17540846416093,-0.035,0,0
3931,-0.17540846578543,-0.0345,0,0
3932,-0.17540846740992,-0.034,0,0
3933,-0.17540846903441,-0.0335,0,0
3934,-0.1754084706589,-0.033,0,0
3935,-0.17540847228339,-0.0325,0,0
3936,-0.17540847390788,-0.032,0,0
3937,-0.17540847553237,-0.0315,0,0
3938,-0.17540847715686,-0.031,0,0
3939,-0.17540847878135,-0.0305,0,0
3940,-0.17540848040584,-0.03,0,0
3941,-0.17540848203034,-0.0295,0,0
3942,-0.17540848365483,-0.029,0,0
3943,-0.17540848527932,-0.0285,0,0
3944,-0.17540848690381,-0.028,0,0
3945,-0.1754084885283,-0.0275,0,0
3946,-0.17540849015279,-0.027,0,0
3947,-0.17540849177728,-0.0265,0,0
3948,-0.17540849340177,-0.026,0,0
3949,-0.17540849502626,-0.0255,0,0
3950,-0.17540849665076,-0.025,0,0
3951,-0.17540849827525,-0.0245,0,0
3952,-0.17540849989974,-0.024,0,0
3953,-0.17540850152423,-0.0235,0,0
3954,-0.17540850314872,-0.023,0,0
3955,-0.17540850477321,-0.0225,0,0
3956,-0.1754085063977,-0.022,0,0
3957,-0.17540850802219,-0.0215,0,0
3958,-0.17540850964668,-0.021,0,0
3959,-0.17540851127117,-0.0205,0,0
3960,-0.17540851289567,-0.02,0,0
3961,-0.17540851452016,-0.0195,0,0
3962,-0.17540851614465,-0.019,0,0
3963,-0.17540851776914,-0.0185,0,0
3964,-0.17540851939363,-0.018,0,0
3965,-0.17540852101812,-0.0175,0,0
3966,-0.17540852264261,-0.017,0,0
3967,-0.1754085242671,-0.0165,0,0
3968,-0.17540852589159,-0.016,0,0
3969,-0.17540852751608,-0.0155,0,0
3970,-0.17540852914058,-0.015,0,0
3971,-0.17540853076507,-0.0145,0,0
3972,-0.17540853238956,-0.014,0,0
3973,-0.17540853401405,-0.0135,0,0
3974,-0.17540853563854,-0.013,0,0
3975,-0.17540853726303,-0.0125,0,0
3976,-0.17540853888752,-0.012,0,0
3977,-0.17540854051201,-0.0115,0,0
3978,-0.1754085421365,-0.011,0,0
3979,-0.175408543761,-0.0105,0,0
3980,-0.17540854538546,-0.01,0,0
3981,-0.17540854701006,-0.0095000000000001,0,0
3982,-0.17540854863417,-0.0089999999999999,0,0
3983,-0.17540855026008,-0.0085,0,0
3984,-0.17540855187924,-0.008,0,0
3985,-0.17540855352377,-0.0075000000000001,0,0
3986,-0.1754085550729,-0.0069999999999999,0,0
3987,-0.17540855698075,-0.0065,0,0
3988,-0.17540855753984,-0.006,0,0
3989,-0.17540856317021,-0.0055000000000001,0,0
3990,-0.17540854973266,-0.0049999999999999,0,0
3991,-0.17540860799026,-0.0044999999999999,0,0
3992,-0.1754083966749,-0.004,0,0
3993,-0.17540919895111,-0.0035000000000001,0,0
3994,-0.17540619013727,-0.0029999999999999,0,0
3995,-0.17541751102399,-0.0024999999999999,0,0
3996,-0.17537495301349,-0.002,0,0
3997,-0.17553498782468,-0.0015000000000001,0,0
3998,-0.17493339966637,-0.00099999999999989,0,0
3999,-0.17719725715145,-0.00049999999999994,0,0
4000,-0.16871177155804,0,0,0
8000,0.27449428177698,1,0,0
8001,0.26967684766922,1.0005,0,0
8002,0.27096035775603,1.001,0,0
8003,0.27061915683367,1.0015,0,0
8004,0.27070991136621,1.002,0,0
8005,0.27068577320171,1.0025,0,0
8006,0.27069219094551,1.003,0,0
8007,0.27069048204123,1.0035,0,0
8008,0.27069093448209,1.004,0,0
8009,0.27069081209517,1.0045,0,0
8010,0.2706908425884,1.005,0,0
8011,0.2706908324219,1.0055,0,0
8012,0.27069083306919,1.006,0,0
8013,0.27069083084046,1.0065,0,0
8014,0.27069082937663,1.007,0,0
8015,0.27069082770937,1.0075,0,0
8016,0.27069082609622,1.008,0,0
8017,0.27069082446867,1.0085,0,0
8018,0.27069082284496,1.009,0,0
8019,0.27069082122022,1.0095,0,0
8020,0.27069081959576,1.01,0,0
8021,0.27069081797122,1.0105,0,0
8022,0.2706908163467,1.011,0,0
8023,0.27069081472218,1.0115,0,0
8024,0.27069081309766,1.012,0,0
8025,0.27069081147314,1.0125,0,0
8026,0.27069080984862,1.013,0,0
8027,0.2706908082241,1.0135,0,0
8028,0.27069080659958,1.014,0,0
8029,0.27069080497506,1.0145,0,0
8030,0.27069080335053,1.015,0,0
8031,0.27069080172601,1.0155,0,0
8032,0.27069080010149,1.016,0,0
8033,0.27069079847697,1.0165,0,0
8034,0.27069079685245,1.017,0,0
8035,0.27069079522793,1.0175,0,0
8036,0.27069079360341,1.018,0,0
8037,0.27069079197889,1.0185,0,0
8038,0.27069079035437,1.019,0,0
8039,0.27069078872984,1.0195,0,0
8040,0.27069078710532,1.02,0,0
8041,0.2706907854808,1.0205,0,0
8042,0.27069078385628,1.021,0,0
8043,0.27069078223176,1.0215,0,0
8044,0.27069078060724,1.022,0,0
8045,0.27069077898272,1.0225,0,0
8046,0.2706907773582,1.023,0,0
8047,0.27069077573368,1.0235,0,0
8048,0.27069077410916,1.024,0,0
8049,0.27069077248463,1.0245,0,0
8050,0.27069077086011,1.025,0,0
8051,0.27069076923559,1.0255,0,0
8052,0.27069076761107,1.026,0,0
8053,0.27069076598655,1.0265,0,0
8054,0.27069076436203,1.027,0,0
8055,0.27069076273751,1.0275,0,0
8056,0.27069076111299,1.028,0,0
8057,0.27069075948847,1.0285,0,0
8058,0.27069075786394,1.029,0,0
8059,0.27069075623942,1.0295,0,0
8060,0.2706907546149,1.03,0,0
8061,0.27069075299038,1.0305,0,0
8062,0.27069075136586,1.031,0,0
8063,0.27069074974134,1.0315,0,0
8064,0.27069074811682,1.032,0,0
8065,0.2706907464923,1.0325,0,0
8066,0.27069074486778,1.033,0,0
8067,0.27069074324325,1.0335,0,0
8068,0.27069074161873,1.034,0,0
8069,0.27069073999421,1.0345,0,0
8070,0.27069073836969,1.035,0,0
8071,0.27069073674517,1.0355,0,0
8072,0.27069073512065,1.036,0,0
8073,0.27069073349613,1.0365,0,0
8074,0.27069073187161,1.037,0,0
8075,0.27069073024709,1.0375,0,0
8076,0.27069072862257,1.038,0,0
8077,0.27069072699804,1.0385,0,0
8078,0.27069072537352,1.039,0,0
8079,0.270690723749,1.0395,0,0
8080,0.27069072212448,1.04,0,0
8081,0.27069072049996,1.0405,0,0
8082,0.27069071887544,1.041,0,0
8083,0.27069071725092,1.0415,0,0
8084,0.2706907156264,1.042,0,0
8085,0.27069071400188,1.0425,0,0
8086,0.27069071237735,1.043,0,0
8087,0.27069071075283,1.0435,0,0
8088,0.27069070912831,1.044,0,0
8089,0.27069070750379,1.0445,0,0
8090,0.27069070587927,1.045,0,0
8091,0.27069070425475,1.0455,0,0
8092,0.27069070263023,1.046,0,0
8093,0.27069070100571,1.0465,0,0
8094,0.27069069938119,1.047,0,0
8095,0.27069069775666,1.0475,0,0
8096,0.27069069613214,1.048,0,0
8097,0.27069069450762,1.0485,0,0
8098,0.2706906928831,1.049,0,0
8099,0.27069069125858,1.0495,0,0
8100,0.27069068963406,1.05,0,0
8101,0.27069068800954,1.0505,0,0
8102,0.27069068638502,1.051,0,0
8103,0.2706906847605,1.0515,0,0
8104,0.27069068313598,1.052,0,0
8105,0.27069068151145,1.0525,0,0
8106,0.27069067988693,1.053,0,0
8107,0.27069067826241,1.0535,0,0
8108,0.27069067663789,1.054,0,0
8109,0.27069067501337,1.0545,0,0
8110,0.27069067338885,1.055,0,0
8111,0.27069067176433,1.0555,0,0
8112,0.27069067013981,1.056,0,0
8113,0.27069066851529,1.0565,0,0
8114,0.27069066689076,1.057,0,0
8115,0.27069066526624,1.0575,0,0
8116,0.27069066364172,1.058,0,0
8117,0.2706906620172,1.0585,0,0
8118,0.27069066039268,1.059,0,0
8119,0.27069065876816,1.0595,0,0
8120,0.27069065714364,1.06,0,0
8121,0.27069065551912,1.0605,0,0
8122,0.2706906538946,1.061,0,0
8123,0.27069065227007,1.0615,0,0
8124,0.27069065064555,1.062,0,0
8125,0.27069064902103,1.0625,0,0
8126,0.27069064739651,1.063,0,0
8127,0.27069064577199,1.0635,0,0
8128,0.27069064414747,1.064,0,0
8129,0.27069064252295,1.0645,0,0
8130,0.27069064089843,1.065,0,0
8131,0.27069063927391,1.0655,0,0
8132,0.27069063764939,1.066,0,0
8133,0.27069063602486,1.0665,0,0
8134,0.27069063440034,1.067,0,0
8135,0.27069063277582,1.0675,0,0
8136,0.2706906311513,1.068,0,0
8137,0.27069062952678,1.0685,0,0
8138,0.27069062790226,1.069,0,0
8139,0.27069062627774,1.0695,0,0
8140,0.27069062465322,1.07,0,0
8141,0.2706906230287,1.0705,0,0
8142,0.27069062140417,1.071,0,0
8143,0.27069061977965,1.0715,0,0
8144,0.27069061815513,1.072,0,0
8145,0.27069061653061,1.0725,0,0
8146,0.27069061490609,1.073,0,0
8147,0.27069061328157,1.0735,0,0
8148,0.27069061165705,1.074,0,0
8149,0.27069061003253,1.0745,0,0
8150,0.27069060840801,1.075,0,0
8151,0.27069060678348,1.0755,0,0
8152,0.27069060515896,1.076,0,0
8153,0.27069060353444,1.0765,0,0
8154,0.27069060190992,1.077,0,0
8155,0.2706906002854,1.0775,0,0
8156,0.27069059866088,1.078,0,0
8157,0.27069059703636,1.0785,0,0
8158,0.27069059541184,1.079,0,0
8159,0.27069059378732,1.0795,0,0
8160,0.2706905921628,1.08,0,0
8161,0.27069059053827,1.0805,0,0
8162,0.27069058891375,1.081,0,0
8163,0.27069058728923,1.0815,0,0
8164,0.27069058566471,1.082,0,0
8165,0.27069058404019,1.0825,0,0
8166,0.27069058241567,1.083,0,0
8167,0.27069058079115,1.0835,0,0
8168,0.27069057916663,1.084,0,0
8169,0.27069057754211,1.0845,0,0
8170,0.27069057591758,1.085,0,0
8171,0.27069057429306,1.0855,0,0
8172,0.27069057266854,1.086,0,0
8173,0.27069057104402,1.0865,0,0
8174,0.2706905694195,1.087,0,0
8175,0.27069056779498,1.0875,0,0
8176,0.27069056617046,1.088,0,0
8177,0.27069056454594,1.0885,0,0
8178,0.27069056292142,1.089,0,0
8179,0.27069056129689,1.0895,0,0
8180,0.27069055967237,1.09,0,0
8181,0.27069055804785,1.0905,0,0
8182,0.27069055642333,1.091,0,0
8183,0.27069055479881,1.0915,0,0
8184,0.27069055317429,1.092,0,0
8185,0.27069055154977,1.0925,0,0
8186,0.27069054992525,1.093,0,0
8187,0.27069054830073,1.0935,0,0
8188,0.2706905466762,1.094,0,0
8189,0.27069054505168,1.0945,0,0
8190,0.27069054342716,1.095,0,0
8191,0.27069054180264,1.0955,0,0
8192,0.27069054017812,1.096,0,0
8193,0.2706905385536,1.0965,0,0
8194,0.27069053692908,1.097,0,0
8195,0.27069053530456,1.0975,0,0
8196,0.27069053368004,1.098,0,0
8197,0.27069053205552,1.0985,0,0
8198,0.27069053043099,1.099,0,0
8199,0.27069052880647,1.0995,0,0
8200,0.27069052718195,1.1,0,0
8201,0.27069052555743,1.1005,0,0
8202,0.27069052393291,1.101,0,0
8203,0.27069052230839,1.1015,0,0
8204,0.27069052068387,1.102,0,0
8205,0.27069051905935,1.1025,0,0
8206,0.27069051743483,1.103,0,0
8207,0.2706905158103,1.1035,0,0
8208,0.27069051418578,1.104,0,0
8209,0.27069051256126,1.1045,0,0
8210,0.27069051093674,1.105,0,0
8211,0.27069050931222,1.1055,0,0
8212,0.2706905076877,1.106,0,0
8213,0.27069050606318,1.1065,0,0
8214,0.27069050443866,1.107,0,0
8215,0.27069050281414,1.1075,0,0
8216,0.27069050118961,1.108,0,0
8217,0.27069049956509,1.1085,0,0
8218,0.27069049794057,1.109,0,0
8219,0.27069049631605,1.1095,0,0
8220,0.27069049469153,1.11,0,0
8221,0.27069049306701,1.1105,0,0
8222,0.27069049144249,1.111,0,0
8223,0.27069048981797,1.1115,0,0
8224,0.27069048819345,1.112,0,0
8225,0.27069048656893,1.1125,0,0
8226,0.2706904849444,1.113,0,0
8227,0.27069048331988,1.1135,0,0
8228,0.27069048169536,1.114,0,0
8229,0.27069048007084,1.1145,0,0
8230,0.27069047844632,1.115,0,0
8231,0.2706904768218,1.1155,0,0
8232,0.27069047519728,1.116,0,0
8233,0.27069047357276,1.1165,0,0
8234,0.27069047194824,1.117,0,0
8235,0.27069047032371,1.1175,0,0
8236,0.27069046869919,1.118,0,0
8237,0.27069046707467,1.1185,0,0
8238,0.27069046545015,1.119,0,0
8239,0.27069046382563,1.1195,0,0
8240,0.27069046220111,1.12,0,0
8241,0.27069046057659,1.1205,0,0
8242,0.27069045895207,1.121,0,0
8243,0.27069045732755,1.1215,0,0
8244,0.27069045570302,1.122,0,0
8245,0.2706904540785,1.1225,0,0
8246,0.27069045245398,1.123,0,0
8247,0.27069045082946,1.1235,0,0
8248,0.27069044920494,1.124,0,0
8249,0.27069044758042,1.1245,0,0
8250,0.2706904459559,1.125,0,0
8251,0.27069044433138,1.1255,0,0
8252,0.27069044270686,1.126,0,0
8253,0.27069044108234,1.1265,0,0
8254,0.27069043945781,1.127,0,0
8255,0.27069043783329,1.1275,0,0
8256,0.27069043620877,1.128,0,0
8257,0.27069043458425,1.1285,0,0
8258,0.27069043295973,1.129,0,0
8259,0.27069043133521,1.1295,0,0
8260,0.27069042971069,1.13,0,0
8261,0.27069042808617,1.1305,0,0
8262,0.27069042646165,1.131,0,0
8263,0.27069042483712,1.1315,0,0
8264,0.2706904232126,1.132,0,0
8265,0.27069042158808,1.1325,0,0
8266,0.27069041996356,1.133,0,0
8267,0.27069041833904,1.1335,0,0
8268,0.27069041671452,1.134,0,0
8269,0.27069041509,1.1345,0,0
8270,0.27069041346548,1.135,0,0
8271,0.27069041184096,1.1355,0,0
8272,0.27069041021643,1.136,0,0
8273,0.27069040859191,1.1365,0,0
8274,0.27069040696739,1.137,0,0
8275,0.27069040534287,1.1375,0,0
8276,0.27069040371835,1.138,0,0
8277,0.27069040209383,1.1385,0,0
8278,0.27069040046931,1.139,0,0
8279,0.27069039884479,1.1395,0,0
8280,0.27069039722027,1.14,0,0
8281,0.27069039559575,1.1405,0,0
8282,0.27069039397122,1.141,0,0
8283,0.2706903923467,1.1415,0,0
8284,0.27069039072218,1.142,0,0
8285,0.27069038909766,1.1425,0,0
8286,0.27069038747314,1.143,0,0
8287,0.27069038584862,1.1435,0,0
8288,0.2706903842241,1.144,0,0
8289,0.27069038259958,1.1445,0,0
8290,0.27069038097506,1.145,0,0
8291,0.27069037935053,1.1455,0,0
8292,0.27069037772601,1.146,0,0
8293,0.27069037610149,1.1465,0,0
8294,0.27069037447697,1.147,0,0
8295,0.27069037285245,1.1475,0,0
8296,0.27069037122793,1.148,0,0
8297,0.27069036960341,1.1485,0,0
8298,0.27069036797889,1.149,0,0
8299,0.27069036635437,1.1495,0,0
8300,0.27069036472984,1.15,0,0
8301,0.27069036310532,1.1505,0,0
8302,0.2706903614808,1.151,0,0
8303,0.27069035985628,1.1515,0,0
8304,0.27069035823176,1.152,0,0
8305,0.27069035660724,1.1525,0,0
8306,0.27069035498272,1.153,0,0
8307,0.2706903533582,1.1535,0,0
8308,0.27069035173368,1.154,0,0
8309,0.27069035010916,1.1545,0,0
8310,0.27069034848463,1.155,0,0
8311,0.27069034686011,1.1555,0,0
8312,0.27069034523559,1.156,0,0
8313,0.27069034361107,1.1565,0,0
8314,0.27069034198655,1.157,0,0
8315,0.27069034036203,1.1575,0,0
8316,0.27069033873751,1.158,0,0
8317,0.27069033711299,1.1585,0,0
8318,0.27069033548847,1.159,0,0
8319,0.27069033386394,1.1595,0,0
8320,0.27069033223942,1.16,0,0
8321,0.2706903306149,1.1605,0,0
8322,0.27069032899038,1.161,0,0
8323,0.27069032736586,1.1615,0,0
8324,0.27069032574134,1.162,0,0
8325,0.27069032411682,1.1625,0,0
8326,0.2706903224923,1.163,0,0
8327,0.27069032086778,1.1635,0,0
8328,0.27069031924325,1.164,0,0
8329,0.27069031761873,1.1645,0,0
8330,0.27069031599421,1.165,0,0
8331,0.27069031436969,1.1655,0,0
8332,0.27069031274517,1.166,0,0
8333,0.27069031112065,1.1665,0,0
8334,0.27069030949613,1.167,0,0
8335,0.27069030787161,1.1675,0,0
8336,0.27069030624709,1.168,0,0
8337,0.27069030462257,1.1685,0,0
8338,0.27069030299804,1.169,0,0
8339,0.27069030137352,1.1695,0,0
8340,0.270690299749,1.17,0,0
8341,0.27069029812448,1.1705,0,0
8342,0.27069029649996,1.171,0,0
8343,0.27069029487544,1.1715,0,0
8344,0.27069029325092,1.172,0,0
8345,0.2706902916264,1.1725,0,0
8346,0.27069029000188,1.173,0,0
8347,0.27069028837735,1.1735,0,0
8348,0.27069028675283,1.174,0,0
8349,0.27069028512831,1.1745,0,0
8350,0.27069028350379,1.175,0,0
8351,0.27069028187927,1.1755,0,0
8352,0.27069028025475,1.176,0,0
8353,0.27069027863023,1.1765,0,0
8354,0.27069027700571,1.177,0,0
8355,0.27069027538119,1.1775,0,0
8356,0.27069027375666,1.178,0,0
8357,0.27069027213214,1.1785,0,0
8358,0.27069027050762,1.179,0,0
8359,0.2706902688831,1.1795,0,0
8360,0.27069026725858,1.18,0,0
8361,0.27069026563406,1.1805,0,0
8362,0.27069026400954,1.181,0,0
8363,0.27069026238502,1.1815,0,0
8364,0.2706902607605,1.182,0,0
8365,0.27069025913598,1.1825,0,0
8366,0.27069025751145,1.183,0,0
8367,0.27069025588693,1.1835,0,0
8368,0.27069025426241,1.184,0,0
8369,0.27069025263789,1.1845,0,0
8370,0.27069025101337,1.185,0,0
8371,0.27069024938885,1.1855,0,0
8372,0.27069024776433,1.186,0,0
8373,0.27069024613981,1.1865,0,0
8374,0.27069024451529,1.187,0,0
8375,0.27069024289076,1.1875,0,0
8376,0.27069024126624,1.188,0,0
8377,0.27069023964172,1.1885,0,0
8378,0.2706902380172,1.189,0,0
8379,0.27069023639268,1.1895,0,0
8380,0.27069023476816,1.19,0,0
8381,0.27069023314364,1.1905,0,0
8382,0.27069023151912,1.191,0,0
8383,0.2706902298946,1.1915,0,0
8384,0.27069022827007,1.192,0,0
8385,0.27069022664555,1.1925,0,0
8386,0.27069022502103,1.193,0,0
8387,0.27069022339651,1.1935,0,0
8388,0.27069022177199,1.194,0,0
8389,0.27069022014747,1.1945,0,0
8390,0.27069021852295,1.195,0,0
8391,0.27069021689843,1.1955,0,0
8392,0.27069021527391,1.196,0,0
8393,0.27069021364939,1.1965,0,0
8394,0.27069021202486,1.197,0,0
8395,0.27069021040034,1.1975,0,0
8396,0.27069020877582,1.198,0,0
8397,0.2706902071513,1.1985,0,0
8398,0.27069020552678,1.199,0,0
8399,0.27069020390226,1.1995,0,0
8400,0.27069020227774,1.2,0,0
8401,0.27069020065322,1.2005,0,0
8402,0.2706901990287,1.201,0,0
8403,0.27069019740417,1.2015,0,0
8404,0.27069019577965,1.202,0,0
8405,0.27069019415513,1.2025,0,0
8406,0.27069019253061,1.203,0,0
8407,0.27069019090609,1.2035,0,0
8408,0.27069018928157,1.204,0,0
8409,0.27069018765705,1.2045,0,0
8410,0.27069018603253,1.205,0,0
8411,0.27069018440801,1.2055,0,0
8412,0.27069018278348,1.206,0,0
8413,0.27069018115896,1.2065,0,0
8414,0.27069017953444,1.207,0,0
8415,0.27069017790992,1.2075,0,0
8416,0.2706901762854,1.208,0,0
8417,0.27069017466088,1.2085,0,0
8418,0.27069017303636,1.209,0,0
8419,0.27069017141184,1.2095,0,0
8420,0.27069016978732,1.21,0,0
8421,0.2706901681628,1.2105,0,0
8422,0.27069016653827,1.211,0,0
8423,0.27069016491375,1.2115,0,0
8424,0.27069016328923,1.212,0,0
8425,0.27069016166471,1.2125,0,0
8426,0.27069016004019,1.213,0,0
8427,0.27069015841567,1.2135,0,0
8428,0.27069015679115,1.214,0,0
8429,0.27069015516663,1.2145,0,0
8430,0.27069015354211,1.215,0,0
8431,0.27069015191758,1.2155,0,0
8432,0.27069015029306,1.216,0,0
8433,0.27069014866854,1.2165,0,0
8434,0.27069014704402,1.217,0,0
8435,0.2706901454195,1.2175,0,0
8436,0.27069014379498,1.218,0,0
8437,0.27069014217046,1.2185,0,0
8438,0.27069014054594,1.219,0,0
8439,0.27069013892142,1.2195,0,0
8440,0.27069013729689,1.22,0,0
8441,0.27069013567237,1.2205,0,0
8442,0.27069013404785,1.221,0,0
8443,0.27069013242333,1.2215,0,0
8444,0.27069013079881,1.222,0,0
8445,0.27069012917429,1.2225,0,0
8446,0.27069012754977,1.223,0,0
8447,0.27069012592525,1.2235,0,0
8448,0.27069012430073,1.224,0,0
8449,0.27069012267621,1.2245,0,0
8450,0.27069012105168,1.225,0,0
8451,0.27069011942716,1.2255,0,0
8452,0.27069011780264,1.226,0,0
8453,0.27069011617812,1.2265,0,0
8454,0.2706901145536,1.227,0,0
8455,0.27069011292908,1.2275,0,0
8456,0.27069011130456,1.228,0,0
8457,0.27069010968004,1.2285,0,0
8458,0.27069010805552,1.229,0,0
8459,0.27069010643099,1.2295,0,0
8460,0.27069010480647,1.23,0,0
8461,0.27069010318195,1.2305,0,0
8462,0.27069010155743,1.231,0,0
8463,0.27069009993291,1.2315,0,0
8464,0.27069009830839,1.232,0,0
8465,0.27069009668387,1.2325,0,0
8466,0.27069009505935,1.233,0,0
8467,0.27069009343483,1.2335,0,0
8468,0.2706900918103,1.234,0,0
8469,0.27069009018578,1.2345,0,0
8470,0.27069008856126,1.235,0,0
8471,0.27069008693674,1.2355,0,0
8472,0.27069008531222,1.236,0,0
8473,0.2706900836877,1.2365,0,0
8474,0.27069008206318,1.237,0,0
8475,0.27069008043866,1.2375,0,0
8476,0.27069007881414,1.238,0,0
8477,0.27069007718962,1.2385,0,0
8478,0.27069007556509,1.239,0,0
8479,0.27069007394057,1.2395,0,0
8480,0.27069007231605,1.24,0,0
8481,0.27069007069153,1.2405,0,0
8482,0.27069006906701,1.241,0,0
8483,0.27069006744249,1.2415,0,0
8484,0.27069006581797,1.242,0,0
8485,0.27069006419345,1.2425,0,0
8486,0.27069006256893,1.243,0,0
8487,0.2706900609444,1.2435,0,0
8488,0.27069005931988,1.244,0,0
8489,0.27069005769536,1.2445,0,0
8490,0.27069005607084,1.245,0,0
8491,0.27069005444632,1.2455,0,0
8492,0.2706900528218,1.246,0,0
8493,0.27069005119728,1.2465,0,0
8494,0.27069004957276,1.247,0,0
8495,0.27069004794824,1.2475,0,0
8496,0.27069004632371,1.248,0,0
8497,0.27069004469919,1.2485,0,0
8498,0.27069004307467,1.249,0,0
8499,0.27069004145015,1.2495,0,0
8500,0.27069003982563,1.25,0,0
8501,0.27069003820111,1.2505,0,0
8502,0.27069003657659,1.251,0,0
8503,0.27069003495207,1.2515,0,0
8504,0.27069003332755,1.252,0,0
8505,0.27069003170303,1.2525,0,0
8506,0.2706900300785,1.253,0,0
8507,0.27069002845398,1.2535,0,0
8508,0.27069002682946,1.254,0,0
8509,0.27069002520494,1.2545,0,0
8510,0.27069002358042,1.255,0,0
8511,0.2706900219559,1.2555,0,0
8512,0.27069002033138,1.256,0,0
8513,0.27069001870686,1.2565,0,0
8514,0.27069001708234,1.257,0,0
8515,0.27069001545781,1.2575,0,0
8516,0.27069001383329,1.258,0,0
8517,0.27069001220877,1.2585,0,0
8518,0.27069001058425,1.259,0,0
8519,0.27069000895973,1.2595,0,0
8520,0.27069000733521,1.26,0,0
8521,0.27069000571069,1.2605,0,0
8522,0.27069000408617,1.261,0,0
8523,0.27069000246165,1.2615,0,0
8524,0.27069000083712,1.262,0,0
8525,0.2706899992126,1.2625,0,0
8526,0.27068999758808,1.263,0,0
8527,0.27068999596356,1.2635,0,0
8528,0.27068999433904,1.264,0,0
8529,0.27068999271452,1.2645,0,0
8530,0.27068999109,1.265,0,0
8531,0.27068998946548,1.2655,0,0
8532,0.27068998784096,1.266,0,0
8533,0.27068998621644,1.2665,0,0
8534,0.27068998459191,1.267,0,0
8535,0.27068998296739,1.2675,0,0
8536,0.27068998134287,1.268,0,0
8537,0.27068997971835,1.2685,0,0
8538,0.27068997809383,1.269,0,0
8539,0.27068997646931,1.2695,0,0
8540,0.27068997484479,1.27,0,0
8541,0.27068997322027,1.2705,0,0
8542,0.27068997159575,1.271,0,0
8543,0.27068996997122,1.2715,0,0
8544,0.2706899683467,1.272,0,0
8545,0.27068996672218,1.2725,0,0
8546,0.27068996509766,1.273,0,0
8547,0.27068996347314,1.2735,0,0
8548,0.27068996184862,1.274,0,0
8549,0.2706899602241,1.2745,0,0
8550,0.27068995859958,1.275,0,0
8551,0.27068995697506,1.2755,0,0
8552,0.27068995535053,1.276,0,0
8553,0.27068995372601,1.2765,0,0
8554,0.27068995210149,1.277,0,0
8555,0.27068995047697,1.2775,0,0
8556,0.27068994885245,1.278,0,0
8557,0.27068994722793,1.2785,0,0
8558,0.27068994560341,1.279,0,0
8559,0.27068994397889,1.2795,0,0
8560,0.27068994235437,1.28,0,0
8561,0.27068994072985,1.2805,0,0
8562,0.27068993910532,1.281,0,0
8563,0.2706899374808,1.2815,0,0
8564,0.27068993585628,1.282,0,0
8565,0.27068993423176,1.2825,0,0
8566,0.27068993260724,1.283,0,0
8567,0.27068993098272,1.2835,0,0
8568,0.2706899293582,1.284,0,0
8569,0.27068992773368,1.2845,0,0
8570,0.27068992610916,1.285,0,0
8571,0.27068992448463,1.2855,0,0
8572,0.27068992286011,1.286,0,0
8573,0.27068992123559,1.2865,0,0
8574,0.27068991961107,1.287,0,0
8575,0.27068991798655,1.2875,0,0
8576,0.27068991636203,1.288,0,0
8577,0.27068991473751,1.2885,0,0
8578,0.27068991311299,1.289,0,0
8579,0.27068991148847,1.2895,0,0
8580,0.27068990986394,1.29,0,0
8581,0.27068990823942,1.2905,0,0
8582,0.2706899066149,1.291,0,0
8583,0.27068990499038,1.2915,0,0
8584,0.27068990336586,1.292,0,0
8585,0.27068990174134,1.2925,0,0
8586,0.27068990011682,1.293,0,0
8587,0.2706898984923,1.2935,0,0
8588,0.27068989686778,1.294,0,0
8589,0.27068989524326,1.2945,0,0
8590,0.27068989361873,1.295,0,0
8591,0.27068989199421,1.2955,0,0
8592,0.27068989036969,1.296,0,0
8593,0.27068988874517,1.2965,0,0
8594,0.27068988712065,1.297,0,0
8595,0.27068988549613,1.2975,0,0
8596,0.27068988387161,1.298,0,0
8597,0.27068988224709,1.2985,0,0
8598,0.27068988062257,1.299,0,0
8599,0.27068987899804,1.2995,0,0
8600,0.27068987737352,1.3,0,0
8601,0.270689875749,1.3005,0,0
8602,0.27068987412448,1.301,0,0
8603,0.27068987249996,1.3015,0,0
8604,0.27068987087544,1.302,0,0
8605,0.27068986925092,1.3025,0,0
8606,0.2706898676264,1.303,0,0
8607,0.27068986600188,1.3035,0,0
8608,0.27068986437735,1.304,0,0
8609,0.27068986275283,1.3045,0,0
8610,0.27068986112831,1.305,0,0
8611,0.27068985950379,1.3055,0,0
8612,0.27068985787927,1.306,0,0
8613,0.27068985625475,1.3065,0,0
8614,0.27068985463023,1.307,0,0
8615,0.27068985300571,1.3075,0,0
8616,0.27068985138119,1.308,0,0
8617,0.27068984975667,1.3085,0,0
8618,0.27068984813214,1.309,0,0
8619,0.27068984650762,1.3095,0,0
8620,0.2706898448831,1.31,0,0
8621,0.27068984325858,1.3105,0,0
8622,0.27068984163406,1.311,0,0
8623,0.27068984000954,1.3115,0,0
8624,0.27068983838502,1.312,0,0
8625,0.2706898367605,1.3125,0,0
8626,0.27068983513598,1.313,0,0
8627,0.27068983351145,1.3135,0,0
8628,0.27068983188693,1.314,0,0
8629,0.27068983026241,1.3145,0,0
8630,0.27068982863789,1.315,0,0
8631,0.27068982701337,1.3155,0,0
8632,0.27068982538885,1.316,0,0
8633,0.27068982376433,1.3165,0,0
8634,0.27068982213981,1.317,0,0
8635,0.27068982051529,1.3175,0,0
8636,0.27068981889076,1.318,0,0
8637,0.27068981726624,1.3185,0,0
8638,0.27068981564172,1.319,0,0
8639,0.2706898140172,1.3195,0,0
8640,0.27068981239268,1.32,0,0
8641,0.27068981076816,1.3205,0,0
8642,0.27068980914364,1.321,0,0
8643,0.27068980751912,1.3215,0,0
8644,0.2706898058946,1.322,0,0
8645,0.27068980427008,1.3225,0,0
8646,0.27068980264555,1.323,0,0
8647,0.27068980102103,1.3235,0,0
8648,0.27068979939651,1.324,0,0
8649,0.27068979777199,1.3245,0,0
8650,0.27068979614747,1.325,0,0
8651,0.27068979452295,1.3255,0,0
8652,0.27068979289843,1.326,0,0
8653,0.27068979127391,1.3265,0,0
8654,0.27068978964939,1.327,0,0
8655,0.27068978802486,1.3275,0,0
8656,0.27068978640034,1.328,0,0
8657,0.27068978477582,1.3285,0,0
8658,0.2706897831513,1.329,0,0
8659,0.27068978152678,1.3295,0,0
8660,0.27068977990226,1.33,0,0
8661,0.27068977827774,1.3305,0,0
8662,0.27068977665322,1.331,0,0
8663,0.2706897750287,1.3315,0,0
8664,0.27068977340417,1.332,0,0
8665,0.27068977177965,1.3325,0,0
8666,0.27068977015513,1.333,0,0
8667,0.27068976853061,1.3335,0,0
8668,0.27068976690609,1.334,0,0
8669,0.27068976528157,1.3345,0,0
8670,0.27068976365705,1.335,0,0
8671,0.27068976203253,1.3355,0,0
8672,0.27068976040801,1.336,0,0
8673,0.27068975878349,1.3365,0,0
8674,0.27068975715896,1.337,0,0
8675,0.27068975553444,1.3375,0,0
8676,0.27068975390992,1.338,0,0
8677,0.2706897522854,1.3385,0,0
8678,0.27068975066088,1.339,0,0
8679,0.27068974903636,1.3395,0,0
8680,0.27068974741184,1.34,0,0
8681,0.27068974578732,1.3405,0,0
8682,0.2706897441628,1.341,0,0
8683,0.27068974253827,1.3415,0,0
8684,0.27068974091375,1.342,0,0
8685,0.27068973928923,1.3425,0,0
8686,0.27068973766471,1.343,0,0
8687,0.27068973604019,1.3435,0,0
8688,0.27068973441567,1.344,0,0
8689,0.27068973279115,1.3445,0,0
8690,0.27068973116663,1.345,0,0
8691,0.27068972954211,1.3455,0,0
8692,0.27068972791758,1.346,0,0
8693,0.27068972629306,1.3465,0,0
8694,0.27068972466854,1.347,0,0
8695,0.27068972304402,1.3475,0,0
8696,0.2706897214195,1.348,0,0
8697,0.27068971979498,1.3485,0,0
8698,0.27068971817046,1.349,0,0
8699,0.27068971654594,1.3495,0,0
8700,0.27068971492142,1.35,0,0
8701,0.2706897132969,1.3505,0,0
8702,0.27068971167237,1.351,0,0
8703,0.27068971004785,1.3515,0,0
8704,0.27068970842333,1.352,0,0
8705,0.27068970679881,1.3525,0,0
8706,0.27068970517429,1.353,0,0
8707,0.27068970354977,1.3535,0,0
8708,0.27068970192525,1.354,0,0
8709,0.27068970030073,1.3545,0,0
8710,0.27068969867621,1.355,0,0
8711,0.27068969705168,1.3555,0,0
8712,0.27068969542716,1.356,0,0
8713,0.27068969380264,1.3565,0,0
8714,0.27068969217812,1.357,0,0
8715,0.2706896905536,1.3575,0,0
8716,0.27068968892908,1.358,0,0
8717,0.27068968730456,1.3585,0,0
8718,0.27068968568004,1.359,0,0
8719,0.27068968405552,1.3595,0,0
8720,0.27068968243099,1.36,0,0
8721,0.27068968080647,1.3605,0,0
8722,0.27068967918195,1.361,0,0
8723,0.27068967755743,1.3615,0,0
8724,0.27068967593291,1.362,0,0
8725,0.27068967430839,1.3625,0,0
8726,0.27068967268387,1.363,0,0
8727,0.27068967105935,1.3635,0,0
8728,0.27068966943483,1.364,0,0
8729,0.2706896678103,1.3645,0,0
8730,0.27068966618578,1.365,0,0
8731,0.27068966456126,1.3655,0,0
8732,0.27068966293674,1.366,0,0
8733,0.27068966131222,1.3665,0,0
8734,0.2706896596877,1.367,0,0
8735,0.27068965806318,1.3675,0,0
8736,0.27068965643866,1.368,0,0
8737,0.27068965481414,1.3685,0,0
8738,0.27068965318962,1.369,0,0
8739,0.27068965156509,1.3695,0,0
8740,0.27068964994057,1.37,0,0
8741,0.27068964831605,1.3705,0,0
8742,0.27068964669153,1.371,0,0
8743,0.27068964506701,1.3715,0,0
8744,0.27068964344249,1.372,0,0
8745,0.27068964181797,1.3725,0,0
8746,0.27068964019345,1.373,0,0
8747,0.27068963856893,1.3735,0,0
8748,0.2706896369444,1.374,0,0
8749,0.27068963531988,1.3745,0,0
8750,0.27068963369536,1.375,0,0
8751,0.27068963207084,1.3755,0,0
8752,0.27068963044632,1.376,0,0
8753,0.2706896288218,1.3765,0,0
8754,0.27068962719728,1.377,0,0
8755,0.27068962557276,1.3775,0,0
8756,0.27068962394824,1.378,0,0
8757,0.27068962232372,1.3785,0,0
8758,0.27068962069919,1.379,0,0
8759,0.27068961907467,1.3795,0,0
8760,0.27068961745015,1.38,0,0
8761,0.27068961582563,1.3805,0,0
8762,0.27068961420111,1.381,0,0
8763,0.27068961257659,1.3815,0,0
8764,0.27068961095207,1.382,0,0
8765,0.27068960932755,1.3825,0,0
8766,0.27068960770303,1.383,0,0
8767,0.2706896060785,1.3835,0,0
8768,0.27068960445398,1.384,0,0
8769,0.27068960282946,1.3845,0,0
8770,0.27068960120494,1.385,0,0
8771,0.27068959958042,1.3855,0,0
8772,0.2706895979559,1.386,0,0
8773,0.27068959633138,1.3865,0,0
8774,0.27068959470686,1.387,0,0
8775,0.27068959308234,1.3875,0,0
8776,0.27068959145781,1.388,0,0
8777,0.27068958983329,1.3885,0,0
8778,0.27068958820877,1.389,0,0
8779,0.27068958658425,1.3895,0,0
8780,0.27068958495973,1.39,0,0
8781,0.27068958333521,1.3905,0,0
8782,0.27068958171069,1.391,0,0
8783,0.27068958008617,1.3915,0,0
8784,0.27068957846165,1.392,0,0
8785,0.27068957683713,1.3925,0,0
8786,0.2706895752126,1.393,0,0
8787,0.27068957358808,1.3935,0,0
8788,0.27068957196356,1.394,0,0
8789,0.27068957033904,1.3945,0,0
8790,0.27068956871452,1.395,0,0
8791,0.27068956709,1.3955,0,0
8792,0.27068956546548,1.396,0,0
8793,0.27068956384096,1.3965,0,0
8794,0.27068956221644,1.397,0,0
8795,0.27068956059191,1.3975,0,0
8796,0.27068955896739,1.398,0,0
8797,0.27068955734287,1.3985,0,0
8798,0.27068955571835,1.399,0,0
8799,0.27068955409383,1.3995,0,0
8800,0.27068955246931,1.4,0,0
8801,0.27068955084479,1.4005,0,0
8802,0.27068954922027,1.401,0,0
8803,0.27068954759575,1.4015,0,0
8804,0.27068954597122,1.402,0,0
8805,0.2706895443467,1.4025,0,0
8806,0.27068954272218,1.403,0,0
8807,0.27068954109766,1.4035,0,0
8808,0.27068953947314,1.404,0,0
8809,0.27068953784862,1.4045,0,0
8810,0.2706895362241,1.405,0,0
8811,0.27068953459958,1.4055,0,0
8812,0.27068953297506,1.406,0,0
8813,0.27068953135054,1.4065,0,0
8814,0.27068952972601,1.407,0,0
8815,0.27068952810149,1.4075,0,0
8816,0.27068952647697,1.408,0,0
8817,0.27068952485245,1.4085,0,0
8818,0.27068952322793,1.409,0,0
8819,0.27068952160341,1.4095,0,0
8820,0.27068951997889,1.41,0,0
8821,0.27068951835437,1.4105,0,0
8822,0.27068951672985,1.411,0,0
8823,0.27068951510532,1.4115,0,0
8824,0.2706895134808,1.412,0,0
8825,0.27068951185628,1.4125,0,0
8826,0.27068951023176,1.413,0,0
8827,0.27068950860724,1.4135,0,0
8828,0.27068950698272,1.414,0,0
8829,0.2706895053582,1.4145,0,0
8830,0.27068950373368,1.415,0,0
8831,0.27068950210916,1.4155,0,0
8832,0.27068950048463,1.416,0,0
8833,0.27068949886011,1.4165,0,0
8834,0.27068949723559,1.417,0,0
8835,0.27068949561107,1.4175,0,0
8836,0.27068949398655,1.418,0,0
8837,0.27068949236203,1.4185,0,0
8838,0.27068949073751,1.419,0,0
8839,0.27068948911299,1.4195,0,0
8840,0.27068948748847,1.42,0,0
8841,0.27068948586395,1.4205,0,0
8842,0.27068948423942,1.421,0,0
8843,0.2706894826149,1.4215,0,0
8844,0.27068948099038,1.422,0,0
8845,0.27068947936586,1.4225,0,0
8846,0.27068947774134,1.423,0,0
8847,0.27068947611682,1.4235,0,0
8848,0.2706894744923,1.424,0,0
8849,0.27068947286778,1.4245,0,0
8850,0.27068947124326,1.425,0,0
8851,0.27068946961873,1.4255,0,0
8852,0.27068946799421,1.426,0,0
8853,0.27068946636969,1.4265,0,0
8854,0.27068946474517,1.427,0,0
8855,0.27068946312065,1.4275,0,0
8856,0.27068946149613,1.428,0,0
8857,0.27068945987161,1.4285,0,0
8858,0.27068945824709,1.429,0,0
8859,0.27068945662257,1.4295,0,0
8860,0.27068945499805,1.43,0,0
8861,0.27068945337352,1.4305,0,0
8862,0.270689451749,1.431,0,0
8863,0.27068945012448,1.4315,0,0
8864,0.27068944849996,1.432,0,0
8865,0.27068944687544,1.4325,0,0
8866,0.27068944525092,1.433,0,0
8867,0.2706894436264,1.4335,0,0
8868,0.27068944200188,1.434,0,0
8869,0.27068944037736,1.4345,0,0
8870,0.27068943875283,1.435,0,0
8871,0.27068943712831,1.4355,0,0
8872,0.27068943550379,1.436,0,0
8873,0.27068943387927,1.4365,0,0
8874,0.27068943225475,1.437,0,0
8875,0.27068943063023,1.4375,0,0
8876,0.27068942900571,1.438,0,0
8877,0.27068942738119,1.4385,0,0
8878,0.27068942575667,1.439,0,0
8879,0.27068942413215,1.4395,0,0
8880,0.27068942250762,1.44,0,0
8881,0.2706894208831,1.4405,0,0
8882,0.27068941925858,1.441,0,0
8883,0.27068941763406,1.4415,0,0
8884,0.27068941600954,1.442,0,0
8885,0.27068941438502,1.4425,0,0
8886,0.2706894127605,1.443,0,0
8887,0.27068941113598,1.4435,0,0
8888,0.27068940951146,1.444,0,0
8889,0.27068940788693,1.4445,0,0
8890,0.27068940626241,1.445,0,0
8891,0.27068940463789,1.4455,0,0
8892,0.27068940301337,1.446,0,0
8893,0.27068940138885,1.4465,0,0
8894,0.27068939976433,1.447,0,0
8895,0.27068939813981,1.4475,0,0
8896,0.27068939651529,1.448,0,0
8897,0.27068939489077,1.4485,0,0
8898,0.27068939326624,1.449,0,0
8899,0.27068939164172,1.4495,0,0
8900,0.2706893900172,1.45,0,0
8901,0.27068938839268,1.4505,0,0
8902,0.27068938676816,1.451,0,0
8903,0.27068938514364,1.4515,0,0
8904,0.27068938351912,1.452,0,0
8905,0.2706893818946,1.4525,0,0
8906,0.27068938027008,1.453,0,0
8907,0.27068937864555,1.4535,0,0
8908,0.27068937702103,1.454,0,0
8909,0.27068937539651,1.4545,0,0
8910,0.27068937377199,1.455,0,0
8911,0.27068937214747,1.4555,0,0
8912,0.27068937052295,1.456,0,0
8913,0.27068936889843,1.4565,0,0
8914,0.27068936727391,1.457,0,0
8915,0.27068936564939,1.4575,0,0
8916,0.27068936402487,1.458,0,0
8917,0.27068936240034,1.4585,0,0
8918,0.27068936077582,1.459,0,0
8919,0.2706893591513,1.4595,0,0
8920,0.27068935752678,1.46,0,0
8921,0.27068935590226,1.4605,0,0
8922,0.27068935427774,1.461,0,0
8923,0.27068935265322,1.4615,0,0
8924,0.2706893510287,1.462,0,0
8925,0.27068934940418,1.4625,0,0
8926,0.27068934777965,1.463,0,0
8927,0.27068934615513,1.4635,0,0
8928,0.27068934453061,1.464,0,0
8929,0.27068934290609,1.4645,0,0
8930,0.27068934128157,1.465,0,0
8931,0.27068933965705,1.4655,0,0
8932,0.27068933803253,1.466,0,0
8933,0.27068933640801,1.4665,0,0
8934,0.27068933478349,1.467,0,0
8935,0.27068933315896,1.4675,0,0
8936,0.27068933153444,1.468,0,0
8937,0.27068932990992,1.4685,0,0
8938,0.2706893282854,1.469,0,0
8939,0.27068932666088,1.4695,0,0
8940,0.27068932503636,1.47,0,0
8941,0.27068932341184,1.4705,0,0
8942,0.27068932178732,1.471,0,0
8943,0.2706893201628,1.4715,0,0
8944,0.27068931853828,1.472,0,0
8945,0.27068931691375,1.4725,0,0
8946,0.27068931528923,1.473,0,0
8947,0.27068931366471,1.4735,0,0
8948,0.27068931204019,1.474,0,0
8949,0.27068931041567,1.4745,0,0
8950,0.27068930879115,1.475,0,0
8951,0.27068930716663,1.4755,0,0
8952,0.27068930554211,1.476,0,0
8953,0.27068930391759,1.4765,0,0
8954,0.27068930229306,1.477,0,0
8955,0.27068930066854,1.4775,0,0
8956,0.27068929904402,1.478,0,0
8957,0.2706892974195,1.4785,0,0
8958,0.27068929579498,1.479,0,0
8959,0.27068929417046,1.4795,0,0
8960,0.27068929254594,1.48,0,0
8961,0.27068929092142,1.4805,0,0
8962,0.2706892892969,1.481,0,0
8963,0.27068928767237,1.4815,0,0
8964,0.27068928604785,1.482,0,0
8965,0.27068928442333,1.4825,0,0
8966,0.27068928279881,1.483,0,0
8967,0.27068928117429,1.4835,0,0
8968,0.27068927954977,1.484,0,0
8969,0.27068927792525,1.4845,0,0
8970,0.27068927630073,1.485,0,0
8971,0.27068927467621,1.4855,0,0
8972,0.27068927305168,1.486,0,0
8973,0.27068927142716,1.4865,0,0
8974,0.27068926980264,1.487,0,0
8975,0.27068926817812,1.4875,0,0
8976,0.2706892665536,1.488,0,0
8977,0.27068926492908,1.4885,0,0
8978,0.27068926330456,1.489,0,0
8979,0.27068926168004,1.4895,0,0
8980,0.27068926005552,1.49,0,0
8981,0.270689258431,1.4905,0,0
8982,0.27068925680647,1.491,0,0
8983,0.27068925518195,1.4915,0,0
8984,0.27068925355743,1.492,0,0
8985,0.27068925193291,1.4925,0,0
8986,0.27068925030839,1.493,0,0
8987,0.27068924868387,1.4935,0,0
8988,0.27068924705935,1.494,0,0
8989,0.27068924543483,1.4945,0,0
8990,0.27068924381031,1.495,0,0
8991,0.27068924218578,1.4955,0,0
8992,0.27068924056126,1.496,0,0
8993,0.27068923893674,1.4965,0,0
8994,0.27068923731222,1.497,0,0
8995,0.2706892356877,1.4975,0,0
8996,0.27068923406318,1.498,0,0
8997,0.27068923243866,1.4985,0,0
8998,0.27068923081414,1.499,0,0
8999,0.27068922918962,1.4995,0,0
9000,0.2706892275651,1.5,0,0
9001,0.27068922594057,1.5005,0,0
9002,0.27068922431605,1.501,0,0
9003,0.27068922269153,1.5015,0,0
9004,0.27068922106701,1.502,0,0
9005,0.27068921944249,1.5025,0,0
9006,0.27068921781797,1.503,0,0
9007,0.27068921619345,1.5035,0,0
9008,0.27068921456893,1.504,0,0
9009,0.27068921294441,1.5045,0,0
9010,0.27068921131988,1.505,0,0
9011,0.27068920969536,1.5055,0,0
9012,0.27068920807084,1.506,0,0
9013,0.27068920644632,1.5065,0,0
9014,0.2706892048218,1.507,0,0
9015,0.27068920319728,1.5075,0,0
9016,0.27068920157276,1.508,0,0
9017,0.27068919994824,1.5085,0,0
9018,0.27068919832372,1.509,0,0
9019,0.27068919669919,1.5095,0,0
9020,0.27068919507467,1.51,0,0
9021,0.27068919345015,1.5105,0,0
9022,0.27068919182563,1.511,0,0
9023,0.27068919020111,1.5115,0,0
9024,0.27068918857659,1.512,0,0
9025,0.27068918695207,1.5125,0,0
9026,0.27068918532755,1.513,0,0
9027,0.27068918370303,1.5135,0,0
9028,0.27068918207851,1.514,0,0
9029,0.27068918045398,1.5145,0,0
9030,0.27068917882946,1.515,0,0
9031,0.27068917720494,1.5155,0,0
9032,0.27068917558042,1.516,0,0
9033,0.2706891739559,1.5165,0,0
9034,0.27068917233138,1.517,0,0
9035,0.27068917070686,1.5175,0,0
9036,0.27068916908234,1.518,0,0
9037,0.27068916745782,1.5185,0,0
9038,0.27068916583329,1.519,0,0
9039,0.27068916420877,1.5195,0,0
9040,0.27068916258425,1.52,0,0
9041,0.27068916095973,1.5205,0,0
9042,0.27068915933521,1.521,0,0
9043,0.27068915771069,1.5215,0,0
9044,0.27068915608617,1.522,0,0
9045,0.27068915446165,1.5225,0,0
9046,0.27068915283713,1.523,0,0
9047,0.2706891512126,1.5235,0,0
9048,0.27068914958808,1.524,0,0
9049,0.27068914796356,1.5245,0,0
9050,0.27068914633904,1.525,0,0
9051,0.27068914471452,1.5255,0,0
9052,0.27068914309,1.526,0,0
9053,0.27068914146548,1.5265,0,0
9054,0.27068913984096,1.527,0,0
9055,0.27068913821644,1.5275,0,0
9056,0.27068913659191,1.528,0,0
9057,0.27068913496739,1.5285,0,0
9058,0.27068913334287,1.529,0,0
9059,0.27068913171835,1.5295,0,0
9060,0.27068913009383,1.53,0,0
9061,0.27068912846931,1.5305,0,0
9062,0.27068912684479,1.531,0,0
9063,0.27068912522027,1.5315,0,0
9064,0.27068912359575,1.532,0,0
9065,0.27068912197123,1.5325,0,0
9066,0.2706891203467,1.533,0,0
9067,0.27068911872218,1.5335,0,0
9068,0.27068911709766,1.534,0,0
9069,0.27068911547314,1.5345,0,0
9070,0.27068911384862,1.535,0,0
9071,0.2706891122241,1.5355,0,0
9072,0.27068911059958,1.536,0,0
9073,0.27068910897506,1.5365,0,0
9074,0.27068910735054,1.537,0,0
9075,0.27068910572601,1.5375,0,0
9076,0.27068910410149,1.538,0,0
9077,0.27068910247697,1.5385,0,0
9078,0.27068910085245,1.539,0,0
9079,0.27068909922793,1.5395,0,0
9080,0.27068909760341,1.54,0,0
9081,0.27068909597889,1.5405,0,0
9082,0.27068909435437,1.541,0,0
9083,0.27068909272985,1.5415,0,0
9084,0.27068909110532,1.542,0,0
9085,0.2706890894808,1.5425,0,0
9086,0.27068908785628,1.543,0,0
9087,0.27068908623176,1.5435,0,0
9088,0.27068908460724,1.544,0,0
9089,0.27068908298272,1.5445,0,0
9090,0.2706890813582,1.545,0,0
9091,0.27068907973368,1.5455,0,0
9092,0.27068907810916,1.546,0,0
9093,0.27068907648464,1.5465,0,0
9094,0.27068907486011,1.547,0,0
9095,0.27068907323559,1.5475,0,0
9096,0.27068907161107,1.548,0,0
9097,0.27068906998655,1.5485,0,0
9098,0.27068906836203,1.549,0,0
9099,0.27068906673751,1.5495,0,0
9100,0.27068906511299,1.55,0,0
9101,0.27068906348847,1.5505,0,0
9102,0.27068906186395,1.551,0,0
9103,0.27068906023942,1.5515,0,0
9104,0.2706890586149,1.552,0,0
9105,0.27068905699038,1.5525,0,0
9106,0.27068905536586,1.553,0,0
9107,0.27068905374134,1.5535,0,0
9108,0.27068905211682,1.554,0,0
9109,0.2706890504923,1.5545,0,0
9110,0.27068904886778,1.555,0,0
9111,0.27068904724326,1.5555,0,0
9112,0.27068904561873,1.556,0,0
9113,0.27068904399421,1.5565,0,0
9114,0.27068904236969,1.557,0,0
9115,0.27068904074517,1.5575,0,0
9116,0.27068903912065,1.558,0,0
9117,0.27068903749613,1.5585,0,0
9118,0.27068903587161,1.559,0,0
9119,0.27068903424709,1.5595,0,0
9120,0.27068903262257,1.56,0,0
9121,0.27068903099805,1.5605,0,0
9122,0.27068902937352,1.561,0,0
9123,0.270689027749,1.5615,0,0
9124,0.27068902612448,1.562,0,0
9125,0.27068902449996,1.5625,0,0
9126,0.27068902287544,1.563,0,0
9127,0.27068902125092,1.5635,0,0
9128,0.2706890196264,1.564,0,0
9129,0.27068901800188,1.5645,0,0
9130,0.27068901637736,1.565,0,0
9131,0.27068901475283,1.5655,0,0
9132,0.27068901312831,1.566,0,0
9133,0.27068901150379,1.5665,0,0
9134,0.27068900987927,1.567,0,0
9135,0.27068900825475,1.5675,0,0
9136,0.27068900663023,1.568,0,0
9137,0.27068900500571,1.5685,0,0
9138,0.27068900338119,1.569,0,0
9139,0.27068900175667,1.5695,0,0
9140,0.27068900013214,1.57,0,0
9141,0.27068899850762,1.5705,0,0
9142,0.2706889968831,1.571,0,0
9143,0.27068899525858,1.5715,0,0
9144,0.27068899363406,1.572,0,0
9145,0.27068899200954,1.5725,0,0
9146,0.27068899038502,1.573,0,0
9147,0.2706889887605,1.5735,0,0
9148,0.27068898713598,1.574,0,0
9149,0.27068898551146,1.5745,0,0
9150,0.27068898388693,1.575,0,0
9151,0.27068898226241,1.5755,0,0
9152,0.27068898063789,1.576,0,0
9153,0.27068897901337,1.5765,0,0
9154,0.27068897738885,1.577,0,0
9155,0.27068897576433,1.5775,0,0
9156,0.27068897413981,1.578,0,0
9157,0.27068897251529,1.5785,0,0
9158,0.27068897089077,1.579,0,0
9159,0.27068896926624,1.5795,0,0
9160,0.27068896764172,1.58,0,0
9161,0.2706889660172,1.5805,0,0
9162,0.27068896439268,1.581,0,0
9163,0.27068896276816,1.5815,0,0
9164,0.27068896114364,1.582,0,0
9165,0.27068895951912,1.5825,0,0
9166,0.2706889578946,1.583,0,0
9167,0.27068895627008,1.5835,0,0
9168,0.27068895464555,1.584,0,0
9169,0.27068895302103,1.5845,0,0
9170,0.27068895139651,1.585,0,0
9171,0.27068894977199,1.5855,0,0
9172,0.27068894814747,1.586,0,0
9173,0.27068894652295,1.5865,0,0
9174,0.27068894489843,1.587,0,0
9175,0.27068894327391,1.5875,0,0
9176,0.27068894164939,1.588,0,0
9177,0.27068894002486,1.5885,0,0
9178,0.27068893840034,1.589,0,0
9179,0.27068893677582,1.5895,0,0
9180,0.2706889351513,1.59,0,0
9181,0.27068893352678,1.5905,0,0
9182,0.27068893190226,1.591,0,0
9183,0.27068893027774,1.5915,0,0
9184,0.27068892865322,1.592,0,0
9185,0.2706889270287,1.5925,0,0
9186,0.27068892540418,1.593,0,0
9187,0.27068892377965,1.5935,0,0
9188,0.27068892215513,1.594,0,0
9189,0.27068892053061,1.5945,0,0
9190,0.27068891890609,1.595,0,0
9191,0.27068891728157,1.5955,0,0
9192,0.27068891565705,1.596,0,0
9193,0.27068891403253,1.5965,0,0
9194,0.27068891240801,1.597,0,0
9195,0.27068891078349,1.5975,0,0
9196,0.27068890915896,1.598,0,0
9197,0.27068890753444,1.5985,0,0
9198,0.27068890590992,1.599,0,0
9199,0.2706889042854,1.5995,0,0
9200,0.27068890266088,1.6,0,0
9201,0.27068890103636,1.6005,0,0
9202,0.27068889941184,1.601,0,0
9203,0.27068889778732,1.6015,0,0
9204,0.2706888961628,1.602,0,0
9205,0.27068889453828,1.6025,0,0
9206,0.27068889291375,1.603,0,0
9207,0.27068889128923,1.6035,0,0
9208,0.27068888966471,1.604,0,0
9209,0.27068888804019,1.6045,0,0
9210,0.27068888641567,1.605,0,0
9211,0.27068888479115,1.6055,0,0
9212,0.27068888316663,1.606,0,0
9213,0.27068888154211,1.6065,0,0
9214,0.27068887991759,1.607,0,0
9215,0.27068887829306,1.6075,0,0
9216,0.27068887666854,1.608,0,0
9217,0.27068887504402,1.6085,0,0
9218,0.2706888734195,1.609,0,0
9219,0.27068887179498,1.6095,0,0
9220,0.27068887017046,1.61,0,0
9221,0.27068886854594,1.6105,0,0
9222,0.27068886692142,1.611,0,0
9223,0.2706888652969,1.6115,0,0
9224,0.27068886367237,1.612,0,0
9225,0.27068886204785,1.6125,0,0
9226,0.27068886042333,1.613,0,0
9227,0.27068885879881,1.6135,0,0
9228,0.27068885717429,1.614,0,0
9229,0.27068885554977,1.6145,0,0
9230,0.27068885392525,1.615,0,0
9231,0.27068885230073,1.6155,0,0
9232,0.27068885067621,1.616,0,0
9233,0.27068884905169,1.6165,0,0
9234,0.27068884742716,1.617,0,0
9235,0.27068884580264,1.6175,0,0
9236,0.27068884417812,1.618,0,0
9237,0.2706888425536,1.6185,0,0
9238,0.27068884092908,1.619,0,0
9239,0.27068883930456,1.6195,0,0
9240,0.27068883768004,1.62,0,0
9241,0.27068883605552,1.6205,0,0
9242,0.270688834431,1.621,0,0
9243,0.27068883280647,1.6215,0,0
9244,0.27068883118195,1.622,0,0
9245,0.27068882955743,1.6225,0,0
9246,0.27068882793291,1.623,0,0
9247,0.27068882630839,1.6235,0,0
9248,0.27068882468387,1.624,0,0
9249,0.27068882305935,1.6245,0,0
9250,0.27068882143483,1.625,0,0
9251,0.27068881981031,1.6255,0,0
9252,0.27068881818578,1.626,0,0
9253,0.27068881656126,1.6265,0,0
9254,0.27068881493674,1.627,0,0
9255,0.27068881331222,1.6275,0,0
9256,0.2706888116877,1.628,0,0
9257,0.27068881006318,1.6285,0,0
9258,0.27068880843866,1.629,0,0
9259,0.27068880681414,1.6295,0,0
9260,0.27068880518962,1.63,0,0
9261,0.2706888035651,1.6305,0,0
9262,0.27068880194057,1.631,0,0
9263,0.27068880031605,1.6315,0,0
9264,0.27068879869153,1.632,0,0
9265,0.27068879706701,1.6325,0,0
9266,0.27068879544249,1.633,0,0
9267,0.27068879381797,1.6335,0,0
9268,0.27068879219345,1.634,0,0
9269,0.27068879056893,1.6345,0,0
9270,0.27068878894441,1.635,0,0
9271,0.27068878731988,1.6355,0,0
9272,0.27068878569536,1.636,0,0
9273,0.27068878407084,1.6365,0,0
9274,0.27068878244632,1.637,0,0
9275,0.2706887808218,1.6375,0,0
9276,0.27068877919728,1.638,0,0
9277,0.27068877757276,1.6385,0,0
9278,0.27068877594824,1.639,0,0
9279,0.27068877432372,1.6395,0,0
9280,0.27068877269919,1.64,0,0
9281,0.27068877107467,1.6405,0,0
9282,0.27068876945015,1.641,0,0
9283,0.27068876782563,1.6415,0,0
9284,0.27068876620111,1.642,0,0
9285,0.27068876457659,1.6425,0,0
9286,0.27068876295207,1.643,0,0
9287,0.27068876132755,1.6435,0,0
9288,0.27068875970303,1.644,0,0
9289,0.27068875807851,1.6445,0,0
9290,0.27068875645398,1.645,0,0
9291,0.27068875482946,1.6455,0,0
9292,0.27068875320494,1.646,0,0
9293,0.27068875158042,1.6465,0,0
9294,0.2706887499559,1.647,0,0
9295,0.27068874833138,1.6475,0,0
9296,0.27068874670686,1.648,0,0
9297,0.27068874508234,1.6485,0,0
9298,0.27068874345782,1.649,0,0
9299,0.27068874183329,1.6495,0,0
9300,0.27068874020877,1.65,0,0
9301,0.27068873858425,1.6505,0,0
9302,0.27068873695973,1.651,0,0
9303,0.27068873533521,1.6515,0,0
9304,0.27068873371069,1.652,0,0
9305,0.27068873208617,1.6525,0,0
9306,0.27068873046165,1.653,0,0
9307,0.27068872883713,1.6535,0,0
9308,0.2706887272126,1.654,0,0
9309,0.27068872558808,1.6545,0,0
9310,0.27068872396356,1.655,0,0
9311,0.27068872233904,1.6555,0,0
9312,0.27068872071452,1.656,0,0
9313,0.27068871909,1.6565,0,0
9314,0.27068871746548,1.657,0,0
9315,0.27068871584096,1.6575,0,0
9316,0.27068871421644,1.658,0,0
9317,0.27068871259192,1.6585,0,0
9318,0.27068871096739,1.659,0,0
9319,0.27068870934287,1.6595,0,0
9320,0.27068870771835,1.66,0,0
9321,0.27068870609383,1.6605,0,0
9322,0.27068870446931,1.661,0,0
9323,0.27068870284479,1.6615,0,0
9324,0.27068870122027,1.662,0,0
9325,0.27068869959575,1.6625,0,0
9326,0.27068869797123,1.663,0,0
9327,0.2706886963467,1.6635,0,0
9328,0.27068869472218,1.664,0,0
9329,0.27068869309766,1.6645,0,0
9330,0.27068869147314,1.665,0,0
9331,0.27068868984862,1.6655,0,0
9332,0.2706886882241,1.666,0,0
9333,0.27068868659958,1.6665,0,0
9334,0.27068868497506,1.667,0,0
9335,0.27068868335054,1.6675,0,0
9336,0.27068868172601,1.668,0,0
9337,0.27068868010149,1.6685,0,0
9338,0.27068867847697,1.669,0,0
9339,0.27068867685245,1.6695,0,0
9340,0.27068867522793,1.67,0,0
9341,0.27068867360341,1.6705,0,0
9342,0.27068867197889,1.671,0,0
9343,0.27068867035437,1.6715,0,0
9344,0.27068866872985,1.672,0,0
9345,0.27068866710533,1.6725,0,0
9346,0.2706886654808,1.673,0,0
9347,0.27068866385628,1.6735,0,0
9348,0.27068866223176,1.674,0,0
9349,0.27068866060724,1.6745,0,0
9350,0.27068865898272,1.675,0,0
9351,0.2706886573582,1.6755,0,0
9352,0.27068865573368,1.676,0,0
9353,0.27068865410916,1.6765,0,0
9354,0.27068865248464,1.677,0,0
9355,0.27068865086011,1.6775,0,0
9356,0.27068864923559,1.678,0,0
9357,0.27068864761107,1.6785,0,0
9358,0.27068864598655,1.679,0,0
9359,0.27068864436203,1.6795,0,0
9360,0.27068864273751,1.68,0,0
9361,0.27068864111299,1.6805,0,0
9362,0.27068863948847,1.681,0,0
9363,0.27068863786395,1.6815,0,0
9364,0.27068863623942,1.682,0,0
9365,0.2706886346149,1.6825,0,0
9366,0.27068863299038,1.683,0,0
9367,0.27068863136586,1.6835,0,0
9368,0.27068862974134,1.684,0,0
9369,0.27068862811682,1.6845,0,0
9370,0.2706886264923,1.685,0,0
9371,0.27068862486778,1.6855,0,0
9372,0.27068862324326,1.686,0,0
9373,0.27068862161874,1.6865,0,0
9374,0.27068861999421,1.687,0,0
9375,0.27068861836969,1.6875,0,0
9376,0.27068861674517,1.688,0,0
9377,0.27068861512065,1.6885,0,0
9378,0.27068861349613,1.689,0,0
9379,0.27068861187161,1.6895,0,0
9380,0.27068861024709,1.69,0,0
9381,0.27068860862257,1.6905,0,0
9382,0.27068860699805,1.691,0,0
9383,0.27068860537352,1.6915,0,0
9384,0.270688603749,1.692,0,0
9385,0.27068860212448,1.6925,0,0
9386,0.27068860049996,1.693,0,0
9387,0.27068859887544,1.6935,0,0
9388,0.27068859725092,1.694,0,0
9389,0.2706885956264,1.6945,0,0
9390,0.27068859400188,1.695,0,0
9391,0.27068859237736,1.6955,0,0
9392,0.27068859075283,1.696,0,0
9393,0.27068858912831,1.6965,0,0
9394,0.27068858750379,1.697,0,0
9395,0.27068858587927,1.6975,0,0
9396,0.27068858425475,1.698,0,0
9397,0.27068858263023,1.6985,0,0
9398,0.27068858100571,1.699,0,0
9399,0.27068857938119,1.6995,0,0
9400,0.27068857775667,1.7,0,0
9401,0.27068857613215,1.7005,0,0
9402,0.27068857450762,1.701,0,0
9403,0.2706885728831,1.7015,0,0
9404,0.27068857125858,1.702,0,0
9405,0.27068856963406,1.7025,0,0
9406,0.27068856800954,1.703,0,0
9407,0.27068856638502,1.7035,0,0
9408,0.2706885647605,1.704,0,0
9409,0.27068856313598,1.7045,0,0
9410,0.27068856151146,1.705,0,0
9411,0.27068855988693,1.7055,0,0
9412,0.27068855826241,1.706,0,0
9413,0.27068855663789,1.7065,0,0
9414,0.27068855501337,1.707,0,0
9415,0.27068855338885,1.7075,0,0
9416,0.27068855176433,1.708,0,0
9417,0.27068855013981,1.7085,0,0
9418,0.27068854851529,1.709,0,0
9419,0.27068854689077,1.7095,0,0
9420,0.27068854526624,1.71,0,0
9421,0.27068854364172,1.7105,0,0
9422,0.2706885420172,1.711,0,0
9423,0.27068854039268,1.7115,0,0
9424,0.27068853876816,1.712,0,0
9425,0.27068853714364,1.7125,0,0
9426,0.27068853551912,1.713,0,0
9427,0.2706885338946,1.7135,0,0
9428,0.27068853227008,1.714,0,0
9429,0.27068853064556,1.7145,0,0
9430,0.27068852902103,1.715,0,0
9431,0.27068852739651,1.7155,0,0
9432,0.27068852577199,1.716,0,0
9433,0.27068852414747,1.7165,0,0
9434,0.27068852252295,1.717,0,0
9435,0.27068852089843,1.7175,0,0
9436,0.27068851927391,1.718,0,0
9437,0.27068851764939,1.7185,0,0
9438,0.27068851602487,1.719,0,0
9439,0.27068851440034,1.7195,0,0
9440,0.27068851277582,1.72,0,0
9441,0.2706885111513,1.7205,0,0
9442,0.27068850952678,1.721,0,0
9443,0.27068850790226,1.7215,0,0
9444,0.27068850627774,1.722,0,0
9445,0.27068850465322,1.7225,0,0
9446,0.2706885030287,1.723,0,0
9447,0.27068850140418,1.7235,0,0
9448,0.27068849977965,1.724,0,0
9449,0.27068849815513,1.7245,0,0
9450,0.27068849653061,1.725,0,0
9451,0.27068849490609,1.7255,0,0
9452,0.27068849328157,1.726,0,0
9453,0.27068849165705,1.7265,0,0
9454,0.27068849003253,1.727,0,0
9455,0.27068848840801,1.7275,0,0
9456,0.27068848678349,1.728,0,0
9457,0.27068848515897,1.7285,0,0
9458,0.27068848353444,1.729,0,0
9459,0.27068848190992,1.7295,0,0
9460,0.2706884802854,1.73,0,0
9461,0.27068847866088,1.7305,0,0
9462,0.27068847703636,1.731,0,0
9463,0.27068847541184,1.7315,0,0
9464,0.27068847378732,1.732,0,0
9465,0.2706884721628,1.7325,0,0
9466,0.27068847053828,1.733,0,0
9467,0.27068846891375,1.7335,0,0
9468,0.27068846728923,1.734,0,0
9469,0.27068846566471,1.7345,0,0
9470,0.27068846404019,1.735,0,0
9471,0.27068846241567,1.7355,0,0
9472,0.27068846079115,1.736,0,0
9473,0.27068845916663,1.7365,0,0
9474,0.27068845754211,1.737,0,0
9475,0.27068845591759,1.7375,0,0
9476,0.27068845429306,1.738,0,0
9477,0.27068845266854,1.7385,0,0
9478,0.27068845104402,1.739,0,0
9479,0.2706884494195,1.7395,0,0
9480,0.27068844779498,1.74,0,0
9481,0.27068844617046,1.7405,0,0
9482,0.27068844454594,1.741,0,0
9483,0.27068844292142,1.7415,0,0
9484,0.2706884412969,1.742,0,0
9485,0.27068843967238,1.7425,0,0
9486,0.27068843804785,1.743,0,0
9487,0.27068843642333,1.7435,0,0
9488,0.27068843479881,1.744,0,0
9489,0.27068843317429,1.7445,0,0
9490,0.27068843154977,1.745,0,0
9491,0.27068842992525,1.7455,0,0
9492,0.27068842830073,1.746,0,0
9493,0.27068842667621,1.7465,0,0
9494,0.27068842505169,1.747,0,0
9495,0.27068842342716,1.7475,0,0
9496,0.27068842180264,1.748,0,0
9497,0.27068842017812,1.7485,0,0
9498,0.2706884185536,1.749,0,0
9499,0.27068841692908,1.7495,0,0
9500,0.27068841530456,1.75,0,0
9501,0.27068841368004,1.7505,0,0
9502,0.27068841205552,1.751,0,0
9503,0.270688410431,1.7515,0,0
9504,0.27068840880647,1.752,0,0
9505,0.27068840718195,1.7525,0,0
9506,0.27068840555743,1.753,0,0
9507,0.27068840393291,1.7535,0,0
9508,0.27068840230839,1.754,0,0
9509,0.27068840068387,1.7545,0,0
9510,0.27068839905935,1.755,0,0
9511,0.27068839743483,1.7555,0,0
9512,0.27068839581031,1.756,0,0
9513,0.27068839418579,1.7565,0,0
9514,0.27068839256126,1.757,0,0
9515,0.27068839093674,1.7575,0,0
9516,0.27068838931222,1.758,0,0
9517,0.2706883876877,1.7585,0,0
9518,0.27068838606318,1.759,0,0
9519,0.27068838443866,1.7595,0,0
9520,0.27068838281414,1.76,0,0
9521,0.27068838118962,1.7605,0,0
9522,0.2706883795651,1.761,0,0
9523,0.27068837794057,1.7615,0,0
9524,0.27068837631605,1.762,0,0
9525,0.27068837469153,1.7625,0,0
9526,0.27068837306701,1.763,0,0
9527,0.27068837144249,1.7635,0,0
9528,0.27068836981797,1.764,0,0
9529,0.27068836819345,1.7645,0,0
9530,0.27068836656893,1.765,0,0
9531,0.27068836494441,1.7655,0,0
9532,0.27068836331988,1.766,0,0
9533,0.27068836169536,1.7665,0,0
9534,0.27068836007084,1.767,0,0
9535,0.27068835844632,1.7675,0,0
9536,0.2706883568218,1.768,0,0
9537,0.27068835519728,1.7685,0,0
9538,0.27068835357276,1.769,0,0
9539,0.27068835194824,1.7695,0,0
9540,0.27068835032372,1.77,0,0
9541,0.27068834869919,1.7705,0,0
9542,0.27068834707467,1.771,0,0
9543,0.27068834545015,1.7715,0,0
9544,0.27068834382563,1.772,0,0
9545,0.27068834220111,1.7725,0,0
9546,0.27068834057659,1.773,0,0
9547,0.27068833895207,1.7735,0,0
9548,0.27068833732755,1.774,0,0
9549,0.27068833570303,1.7745,0,0
9550,0.27068833407851,1.775,0,0
9551,0.27068833245398,1.7755,0,0
9552,0.27068833082946,1.776,0,0
9553,0.27068832920494,1.7765,0,0
9554,0.27068832758042,1.777,0,0
9555,0.2706883259559,1.7775,0,0
9556,0.27068832433138,1.778,0,0
9557,0.27068832270686,1.7785,0,0
9558,0.27068832108234,1.779,0,0
9559,0.27068831945782,1.7795,0,0
9560,0.27068831783329,1.78,0,0
9561,0.27068831620877,1.7805,0,0
9562,0.27068831458425,1.781,0,0
9563,0.27068831295973,1.7815,0,0
9564,0.27068831133521,1.782,0,0
9565,0.27068830971069,1.7825,0,0
9566,0.27068830808617,1.783,0,0
9567,0.27068830646165,1.7835,0,0
9568,0.27068830483713,1.784,0,0
9569,0.2706883032126,1.7845,0,0
9570,0.27068830158808,1.785,0,0
9571,0.27068829996356,1.7855,0,0
9572,0.27068829833904,1.786,0,0
9573,0.27068829671452,1.7865,0,0
9574,0.27068829509,1.787,0,0
9575,0.27068829346548,1.7875,0,0
9576,0.27068829184096,1.788,0,0
9577,0.27068829021644,1.7885,0,0
9578,0.27068828859191,1.789,0,0
9579,0.27068828696739,1.7895,0,0
9580,0.27068828534287,1.79,0,0
9581,0.27068828371835,1.7905,0,0
9582,0.27068828209383,1.791,0,0
9583,0.27068828046931,1.7915,0,0
9584,0.27068827884479,1.792,0,0
9585,0.27068827722027,1.7925,0,0
9586,0.27068827559575,1.793,0,0
9587,0.27068827397123,1.7935,0,0
9588,0.2706882723467,1.794,0,0
9589,0.27068827072218,1.7945,0,0
9590,0.27068826909766,1.795,0,0
9591,0.27068826747314,1.7955,0,0
9592,0.27068826584862,1.796,0,0
9593,0.2706882642241,1.7965,0,0
9594,0.27068826259958,1.797,0,0
9595,0.27068826097506,1.7975,0,0
9596,0.27068825935054,1.798,0,0
9597,0.27068825772601,1.7985,0,0
9598,0.27068825610149,1.799,0,0
9599,0.27068825447697,1.7995,0,0
9600,0.27068825285245,1.8,0,0
9601,0.27068825122793,1.8005,0,0
9602,0.27068824960341,1.801,0,0
9603,0.27068824797889,1.8015,0,0
9604,0.27068824635437,1.802,0,0
9605,0.27068824472985,1.8025,0,0
9606,0.27068824310532,1.803,0,0
9607,0.2706882414808,1.8035,0,0
9608,0.27068823985628,1.804,0,0
9609,0.27068823823176,1.8045,0,0
9610,0.27068823660724,1.805,0,0
9611,0.27068823498272,1.8055,0,0
9612,0.2706882333582,1.806,0,0
9613,0.27068823173368,1.8065,0,0
9614,0.27068823010916,1.807,0,0
9615,0.27068822848464,1.8075,0,0
9616,0.27068822686011,1.808,0,0
9617,0.27068822523559,1.8085,0,0
9618,0.27068822361107,1.809,0,0
9619,0.27068822198655,1.8095,0,0
9620,0.27068822036203,1.81,0,0
9621,0.27068821873751,1.8105,0,0
9622,0.27068821711299,1.811,0,0
9623,0.27068821548847,1.8115,0,0
9624,0.27068821386395,1.812,0,0
9625,0.27068821223942,1.8125,0,0
9626,0.2706882106149,1.813,0,0
9627,0.27068820899038,1.8135,0,0
9628,0.27068820736586,1.814,0,0
9629,0.27068820574134,1.8145,0,0
9630,0.27068820411682,1.815,0,0
9631,0.2706882024923,1.8155,0,0
9632,0.27068820086778,1.816,0,0
9633,0.27068819924326,1.8165,0,0
9634,0.27068819761874,1.817,0,0
9635,0.27068819599421,1.8175,0,0
9636,0.27068819436969,1.818,0,0
9637,0.27068819274517,1.8185,0,0
9638,0.27068819112065,1.819,0,0
9639,0.27068818949613,1.8195,0,0
9640,0.27068818787161,1.82,0,0
9641,0.27068818624709,1.8205,0,0
9642,0.27068818462257,1.821,0,0
9643,0.27068818299805,1.8215,0,0
9644,0.27068818137352,1.822,0,0
9645,0.270688179749,1.8225,0,0
9646,0.27068817812448,1.823,0,0
9647,0.27068817649996,1.8235,0,0
9648,0.27068817487544,1.824,0,0
9649,0.27068817325092,1.8245,0,0
9650,0.2706881716264,1.825,0,0
9651,0.27068817000188,1.8255,0,0
9652,0.27068816837736,1.826,0,0
9653,0.27068816675283,1.8265,0,0
9654,0.27068816512831,1.827,0,0
9655,0.27068816350379,1.8275,0,0
9656,0.27068816187927,1.828,0,0
9657,0.27068816025475,1.8285,0,0
9658,0.27068815863023,1.829,0,0
9659,0.27068815700571,1.8295,0,0
9660,0.27068815538119,1.83,0,0
9661,0.27068815375667,1.8305,0,0
9662,0.27068815213215,1.831,0,0
9663,0.27068815050762,1.8315,0,0
9664,0.2706881488831,1.832,0,0
9665,0.27068814725858,1.8325,0,0
9666,0.27068814563406,1.833,0,0
9667,0.27068814400954,1.8335,0,0
9668,0.27068814238502,1.834,0,0
9669,0.2706881407605,1.8345,0,0
9670,0.27068813913598,1.835,0,0
9671,0.27068813751146,1.8355,0,0
9672,0.27068813588693,1.836,0,0
9673,0.27068813426241,1.8365,0,0
9674,0.27068813263789,1.837,0,0
9675,0.27068813101337,1.8375,0,0
9676,0.27068812938885,1.838,0,0
9677,0.27068812776433,1.8385,0,0
9678,0.27068812613981,1.839,0,0
9679,0.27068812451529,1.8395,0,0
9680,0.27068812289077,1.84,0,0
9681,0.27068812126624,1.8405,0,0
9682,0.27068811964172,1.841,0,0
9683,0.2706881180172,1.8415,0,0
9684,0.27068811639268,1.842,0,0
9685,0.27068811476816,1.8425,0,0
9686,0.27068811314364,1.843,0,0
9687,0.27068811151912,1.8435,0,0
9688,0.2706881098946,1.844,0,0
9689,0.27068810827008,1.8445,0,0
9690,0.27068810664556,1.845,0,0
9691,0.27068810502103,1.8455,0,0
9692,0.27068810339651,1.846,0,0
9693,0.27068810177199,1.8465,0,0
9694,0.27068810014747,1.847,0,0
9695,0.27068809852295,1.8475,0,0
9696,0.27068809689843,1.848,0,0
9697,0.27068809527391,1.8485,0,0
9698,0.27068809364939,1.849,0,0
9699,0.27068809202487,1.8495,0,0
9700,0.27068809040034,1.85,0,0
9701,0.27068808877582,1.8505,0,0
9702,0.2706880871513,1.851,0,0
9703,0.27068808552678,1.8515,0,0
9704,0.27068808390226,1.852,0,0
9705,0.27068808227774,1.8525,0,0
9706,0.27068808065322,1.853,0,0
9707,0.2706880790287,1.8535,0,0
9708,0.27068807740418,1.854,0,0
9709,0.27068807577965,1.8545,0,0
9710,0.27068807415513,1.855,0,0
9711,0.27068807253061,1.8555,0,0
9712,0.27068807090609,1.856,0,0
9713,0.27068806928157,1.8565,0,0
9714,0.27068806765705,1.857,0,0
9715,0.27068806603253,1.8575,0,0
9716,0.27068806440801,1.858,0,0
9717,0.27068806278349,1.8585,0,0
9718,0.27068806115897,1.859,0,0
9719,0.27068805953444,1.8595,0,0
9720,0.27068805790992,1.86,0,0
9721,0.2706880562854,1.8605,0,0
9722,0.27068805466088,1.861,0,0
9723,0.27068805303636,1.8615,0,0
9724,0.27068805141184,1.862,0,0
9725,0.27068804978732,1.8625,0,0
9726,0.2706880481628,1.863,0,0
9727,0.27068804653828,1.8635,0,0
9728,0.27068804491375,1.864,0,0
9729,0.27068804328923,1.8645,0,0
9730,0.27068804166471,1.865,0,0
9731,0.27068804004019,1.8655,0,0
9732,0.27068803841567,1.866,0,0
9733,0.27068803679115,1.8665,0,0
9734,0.27068803516663,1.867,0,0
9735,0.27068803354211,1.8675,0,0
9736,0.27068803191759,1.868,0,0
9737,0.27068803029306,1.8685,0,0
9738,0.27068802866854,1.869,0,0
9739,0.27068802704402,1.8695,0,0
9740,0.2706880254195,1.87,0,0
9741,0.27068802379498,1.8705,0,0
9742,0.27068802217046,1.871,0,0
9743,0.27068802054594,1.8715,0,0
9744,0.27068801892142,1.872,0,0
9745,0.2706880172969,1.8725,0,0
9746,0.27068801567238,1.873,0,0
9747,0.27068801404785,1.8735,0,0
9748,0.27068801242333,1.874,0,0
9749,0.27068801079881,1.8745,0,0
9750,0.27068800917429,1.875,0,0
9751,0.27068800754977,1.8755,0,0
9752,0.27068800592525,1.876,0,0
9753,0.27068800430073,1.8765,0,0
9754,0.27068800267621,1.877,0,0
9755,0.27068800105169,1.8775,0,0
9756,0.27068799942716,1.878,0,0
9757,0.27068799780264,1.8785,0,0
9758,0.27068799617812,1.879,0,0
9759,0.2706879945536,1.8795,0,0
9760,0.27068799292908,1.88,0,0
9761,0.27068799130456,1.8805,0,0
9762,0.27068798968004,1.881,0,0
9763,0.27068798805552,1.8815,0,0
9764,0.270687986431,1.882,0,0
9765,0.27068798480647,1.8825,0,0
9766,0.27068798318195,1.883,0,0
9767,0.27068798155743,1.8835,0,0
9768,0.27068797993291,1.884,0,0
9769,0.27068797830839,1.8845,0,0
9770,0.27068797668387,1.885,0,0
9771,0.27068797505935,1.8855,0,0
9772,0.27068797343483,1.886,0,0
9773,0.27068797181031,1.8865,0,0
9774,0.27068797018579,1.887,0,0
9775,0.27068796856126,1.8875,0,0
9776,0.27068796693674,1.888,0,0
9777,0.27068796531222,1.8885,0,0
9778,0.2706879636877,1.889,0,0
9779,0.27068796206318,1.8895,0,0
9780,0.27068796043866,1.89,0,0
9781,0.27068795881414,1.8905,0,0
9782,0.27068795718962,1.891,0,0
9783,0.2706879555651,1.8915,0,0
9784,0.27068795394057,1.892,0,0
9785,0.27068795231605,1.8925,0,0
9786,0.27068795069153,1.893,0,0
9787,0.27068794906701,1.8935,0,0
9788,0.27068794744249,1.894,0,0
9789,0.27068794581797,1.8945,0,0
9790,0.27068794419345,1.895,0,0
9791,0.27068794256893,1.8955,0,0
9792,0.27068794094441,1.896,0,0
9793,0.27068793931988,1.8965,0,0
9794,0.27068793769536,1.897,0,0
9795,0.27068793607084,1.8975,0,0
9796,0.27068793444632,1.898,0,0
9797,0.2706879328218,1.8985,0,0
9798,0.27068793119728,1.899,0,0
9799,0.27068792957276,1.8995,0,0
9800,0.27068792794824,1.9,0,0
9801,0.27068792632372,1.9005,0,0
9802,0.2706879246992,1.901,0,0
9803,0.27068792307467,1.9015,0,0
9804,0.27068792145015,1.902,0,0
9805,0.27068791982563,1.9025,0,0
9806,0.27068791820111,1.903,0,0
9807,0.27068791657659,1.9035,0,0
9808,0.27068791495207,1.904,0,0
9809,0.27068791332755,1.9045,0,0
9810,0.27068791170303,1.905,0,0
9811,0.27068791007851,1.9055,0,0
9812,0.27068790845398,1.906,0,0
9813,0.27068790682946,1.9065,0,0
9814,0.27068790520494,1.907,0,0
9815,0.27068790358042,1.9075,0,0
9816,0.2706879019559,1.908,0,0
9817,0.27068790033138,1.9085,0,0
9818,0.27068789870686,1.909,0,0
9819,0.27068789708234,1.9095,0,0
9820,0.27068789545782,1.91,0,0
9821,0.27068789383329,1.9105,0,0
9822,0.27068789220877,1.911,0,0
9823,0.27068789058425,1.9115,0,0
9824,0.27068788895973,1.912,0,0
9825,0.27068788733521,1.9125,0,0
9826,0.27068788571069,1.913,0,0
9827,0.27068788408617,1.9135,0,0
9828,0.27068788246165,1.914,0,0
9829,0.27068788083713,1.9145,0,0
9830,0.27068787921261,1.915,0,0
9831,0.27068787758808,1.9155,0,0
9832,0.27068787596356,1.916,0,0
9833,0.27068787433904,1.9165,0,0
9834,0.27068787271452,1.917,0,0
9835,0.27068787109,1.9175,0,0
9836,0.27068786946548,1.918,0,0
9837,0.27068786784096,1.9185,0,0
9838,0.27068786621644,1.919,0,0
9839,0.27068786459192,1.9195,0,0
9840,0.27068786296739,1.92,0,0
9841,0.27068786134287,1.9205,0,0
9842,0.27068785971835,1.921,0,0
9843,0.27068785809383,1.9215,0,0
9844,0.27068785646931,1.922,0,0
9845,0.27068785484479,1.9225,0,0
9846,0.27068785322027,1.923,0,0
9847,0.27068785159575,1.9235,0,0
9848,0.27068784997123,1.924,0,0
9849,0.2706878483467,1.9245,0,0
9850,0.27068784672218,1.925,0,0
9851,0.27068784509766,1.9255,0,0
9852,0.27068784347314,1.926,0,0
9853,0.27068784184862,1.9265,0,0
9854,0.2706878402241,1.927,0,0
9855,0.27068783859958,1.9275,0,0
9856,0.27068783697506,1.928,0,0
9857,0.27068783535054,1.9285,0,0
9858,0.27068783372602,1.929,0,0
9859,0.27068783210149,1.9295,0,0
9860,0.27068783047697,1.93,0,0
9861,0.27068782885245,1.9305,0,0
9862,0.27068782722793,1.931,0,0
9863,0.27068782560341,1.9315,0,0
9864,0.27068782397889,1.932,0,0
9865,0.27068782235437,1.9325,0,0
9866,0.27068782072985,1.933,0,0
9867,0.27068781910533,1.9335,0,0
9868,0.2706878174808,1.934,0,0
9869,0.27068781585628,1.9345,0,0
9870,0.27068781423176,1.935,0,0
9871,0.27068781260724,1.9355,0,0
9872,0.27068781098272,1.936,0,0
9873,0.2706878093582,1.9365,0,0
9874,0.27068780773368,1.937,0,0
9875,0.27068780610916,1.9375,0,0
9876,0.27068780448464,1.938,0,0
9877,0.27068780286011,1.9385,0,0
9878,0.27068780123559,1.939,0,0
9879,0.27068779961107,1.9395,0,0
9880,0.27068779798655,1.94,0,0
9881,0.27068779636203,1.9405,0,0
9882,0.27068779473751,1.941,0,0
9883,0.27068779311299,1.9415,0,0
9884,0.27068779148847,1.942,0,0
9885,0.27068778986395,1.9425,0,0
9886,0.27068778823942,1.943,0,0
9887,0.2706877866149,1.9435,0,0
9888,0.27068778499038,1.944,0,0
9889,0.27068778336586,1.9445,0,0
9890,0.27068778174134,1.945,0,0
9891,0.27068778011682,1.9455,0,0
9892,0.2706877784923,1.946,0,0
9893,0.27068777686778,1.9465,0,0
9894,0.27068777524326,1.947,0,0
9895,0.27068777361874,1.9475,0,0
9896,0.27068777199421,1.948,0,0
9897,0.27068777036969,1.9485,0,0
9898,0.27068776874517,1.949,0,0
9899,0.27068776712065,1.9495,0,0
9900,0.27068776549613,1.95,0,0
9901,0.27068776387161,1.9505,0,0
9902,0.27068776224709,1.951,0,0
9903,0.27068776062257,1.9515,0,0
9904,0.27068775899805,1.952,0,0
9905,0.27068775737352,1.9525,0,0
9906,0.270687755749,1.953,0,0
9907,0.27068775412448,1.9535,0,0
9908,0.27068775249996,1.954,0,0
9909,0.27068775087544,1.9545,0,0
9910,0.27068774925092,1.955,0,0
9911,0.2706877476264,1.9555,0,0
9912,0.27068774600188,1.956,0,0
9913,0.27068774437736,1.9565,0,0
9914,0.27068774275283,1.957,0,0
9915,0.27068774112831,1.9575,0,0
9916,0.27068773950379,1.958,0,0
9917,0.27068773787927,1.9585,0,0
9918,0.27068773625475,1.959,0,0
9919,0.27068773463023,1.9595,0,0
9920,0.27068773300571,1.96,0,0
9921,0.27068773138119,1.9605,0,0
9922,0.27068772975667,1.961,0,0
9923,0.27068772813215,1.9615,0,0
9924,0.27068772650762,1.962,0,0
9925,0.2706877248831,1.9625,0,0
9926,0.27068772325858,1.963,0,0
9927,0.27068772163406,1.9635,0,0
9928,0.27068772000954,1.964,0,0
9929,0.27068771838502,1.9645,0,0
9930,0.2706877167605,1.965,0,0
9931,0.27068771513598,1.9655,0,0
9932,0.27068771351146,1.966,0,0
9933,0.27068771188693,1.9665,0,0
9934,0.27068771026241,1.967,0,0
9935,0.27068770863789,1.9675,0,0
9936,0.27068770701337,1.968,0,0
9937,0.27068770538885,1.9685,0,0
9938,0.27068770376433,1.969,0,0
9939,0.27068770213981,1.9695,0,0
9940,0.27068770051529,1.97,0,0
9941,0.27068769889077,1.9705,0,0
9942,0.27068769726624,1.971,0,0
9943,0.27068769564172,1.9715,0,0
9944,0.2706876940172,1.972,0,0
9945,0.27068769239268,1.9725,0,0
9946,0.27068769076816,1.973,0,0
9947,0.27068768914364,1.9735,0,0
9948,0.27068768751912,1.974,0,0
9949,0.2706876858946,1.9745,0,0
9950,0.27068768427008,1.975,0,0
9951,0.27068768264556,1.9755,0,0
9952,0.27068768102103,1.976,0,0
9953,0.27068767939651,1.9765,0,0
9954,0.27068767777199,1.977,0,0
9955,0.27068767614747,1.9775,0,0
9956,0.27068767452295,1.978,0,0
9957,0.27068767289843,1.9785,0,0
9958,0.27068767127391,1.979,0,0
9959,0.27068766964939,1.9795,0,0
9960,0.27068766802487,1.98,0,0
9961,0.27068766640034,1.9805,0,0
9962,0.27068766477582,1.981,0,0
9963,0.2706876631513,1.9815,0,0
9964,0.27068766152678,1.982,0,0
9965,0.27068765990226,1.9825,0,0
9966,0.27068765827774,1.983,0,0
9967,0.27068765665322,1.9835,0,0
9968,0.2706876550287,1.984,0,0
9969,0.27068765340418,1.9845,0,0
9970,0.27068765177965,1.985,0,0
9971,0.27068765015513,1.9855,0,0
9972,0.27068764853061,1.986,0,0
9973,0.27068764690609,1.9865,0,0
9974,0.27068764528157,1.987,0,0
9975,0.27068764365705,1.9875,0,0
9976,0.27068764203253,1.988,0,0
9977,0.27068764040801,1.9885,0,0
9978,0.27068763878349,1.989,0,0
9979,0.27068763715897,1.9895,0,0
9980,0.27068763553444,1.99,0,0
9981,0.27068763390992,1.9905,0,0
9982,0.2706876322854,1.991,0,0
9983,0.27068763066088,1.9915,0,0
9984,0.27068762903636,1.992,0,0
9985,0.27068762741184,1.9925,0,0
9986,0.27068762578732,1.993,0,0
9987,0.2706876241628,1.9935,0,0
9988,0.27068762253828,1.994,0,0
9989,0.27068762091375,1.9945,0,0
9990,0.27068761928923,1.995,0,0
9991,0.27068761766471,1.9955,0,0
9992,0.27068761604019,1.996,0,0
9993,0.27068761441567,1.9965,0,0
9994,0.27068761279115,1.997,0,0
9995,0.27068761116663,1.9975,0,0
9996,0.27068760954211,1.998,0,0
9997,0.27068760791759,1.9985,0,0
9998,0.27068760629306,1.999,0,0
9999,0.27068760466854,1.9995,0,0
10000,0.27068760304402,2,0,0
10001,0.2706876014195,2.0005,0,0
10002,0.27068759979498,2.001,0,0
10003,0.27068759817046,2.0015,0,0
10004,0.27068759654594,2.002,0,0
10005,0.27068759492142,2.0025,0,0
10006,0.2706875932969,2.003,0,0
10007,0.27068759167238,2.0035,0,0
10008,0.27068759004785,2.004,0,0
10009,0.27068758842333,2.0045,0,0
10010,0.27068758679881,2.005,0,0
10011,0.27068758517429,2.0055,0,0
10012,0.27068758354977,2.006,0,0
10013,0.27068758192525,2.0065,0,0
10014,0.27068758030073,2.007,0,0
10015,0.27068757867621,2.0075,0,0
10016,0.27068757705169,2.008,0,0
10017,0.27068757542716,2.0085,0,0
10018,0.27068757380264,2.009,0,0
10019,0.27068757217812,2.0095,0,0
10020,0.2706875705536,2.01,0,0
10021,0.27068756892908,2.0105,0,0
10022,0.27068756730456,2.011,0,0
10023,0.27068756568004,2.0115,0,0
10024,0.27068756405552,2.012,0,0
10025,0.270687562431,2.0125,0,0
10026,0.27068756080647,2.013,0,0
10027,0.27068755918195,2.0135,0,0
10028,0.27068755755743,2.014,0,0
10029,0.27068755593291,2.0145,0,0
10030,0.27068755430839,2.015,0,0
10031,0.27068755268387,2.0155,0,0
10032,0.27068755105935,2.016,0,0
10033,0.27068754943483,2.0165,0,0
10034,0.27068754781031,2.017,0,0
10035,0.27068754618578,2.0175,0,0
10036,0.27068754456126,2.018,0,0
10037,0.27068754293674,2.0185,0,0
10038,0.27068754131222,2.019,0,0
10039,0.2706875396877,2.0195,0,0
10040,0.27068753806318,2.02,0,0
10041,0.27068753643866,2.0205,0,0
10042,0.27068753481414,2.021,0,0
10043,0.27068753318962,2.0215,0,0
10044,0.2706875315651,2.022,0,0
10045,0.27068752994057,2.0225,0,0
10046,0.27068752831605,2.023,0,0
10047,0.27068752669153,2.0235,0,0
10048,0.27068752506701,2.024,0,0
10049,0.27068752344249,2.0245,0,0
10050,0.27068752181797,2.025,0,0
10051,0.27068752019345,2.0255,0,0
10052,0.27068751856893,2.026,0,0
10053,0.27068751694441,2.0265,0,0
10054,0.27068751531988,2.027,0,0
10055,0.27068751369536,2.0275,0,0
10056,0.27068751207084,2.028,0,0
10057,0.27068751044632,2.0285,0,0
10058,0.2706875088218,2.029,0,0
10059,0.27068750719728,2.0295,0,0
10060,0.27068750557276,2.03,0,0
10061,0.27068750394824,2.0305,0,0
10062,0.27068750232372,2.031,0,0
10063,0.27068750069919,2.0315,0,0
10064,0.27068749907467,2.032,0,0
10065,0.27068749745015,2.0325,0,0
10066,0.27068749582563,2.033,0,0
10067,0.27068749420111,2.0335,0,0
10068,0.27068749257659,2.034,0,0
10069,0.27068749095207,2.0345,0,0
10070,0.27068748932755,2.035,0,0
10071,0.27068748770303,2.0355,0,0
10072,0.27068748607851,2.036,0,0
10073,0.27068748445398,2.0365,0,0
10074,0.27068748282946,2.037,0,0
10075,0.27068748120494,2.0375,0,0
10076,0.27068747958042,2.038,0,0
10077,0.2706874779559,2.0385,0,0
10078,0.27068747633138,2.039,0,0
10079,0.27068747470686,2.0395,0,0
10080,0.27068747308234,2.04,0,0
10081,0.27068747145782,2.0405,0,0
10082,0.27068746983329,2.041,0,0
10083,0.27068746820877,2.0415,0,0
10084,0.27068746658425,2.042,0,0
10085,0.27068746495973,2.0425,0,0
10086,0.27068746333521,2.043,0,0
10087,0.27068746171069,2.0435,0,0
10088,0.27068746008617,2.044,0,0
10089,0.27068745846165,2.0445,0,0
10090,0.27068745683713,2.045,0,0
10091,0.2706874552126,2.0455,0,0
10092,0.27068745358808,2.046,0,0
10093,0.27068745196356,2.0465,0,0
10094,0.27068745033904,2.047,0,0
10095,0.27068744871452,2.0475,0,0
10096,0.27068744709,2.048,0,0
10097,0.27068744546548,2.0485,0,0
10098,0.27068744384096,2.049,0,0
10099,0.27068744221644,2.0495,0,0
10100,0.27068744059192,2.05,0,0
10101,0.27068743896739,2.0505,0,0
10102,0.27068743734287,2.051,0,0
10103,0.27068743571835,2.0515,0,0
10104,0.27068743409383,2.052,0,0
10105,0.27068743246931,2.0525,0,0
10106,0.27068743084479,2.053,0,0
10107,0.27068742922027,2.0535,0,0
10108,0.27068742759575,2.054,0,0
10109,0.27068742597123,2.0545,0,0
10110,0.2706874243467,2.055,0,0
10111,0.27068742272218,2.0555,0,0
10112,0.27068742109766,2.056,0,0
10113,0.27068741947314,2.0565,0,0
10114,0.27068741784862,2.057,0,0
10115,0.2706874162241,2.0575,0,0
10116,0.27068741459958,2.058,0,0
10117,0.27068741297506,2.0585,0,0
10118,0.27068741135054,2.059,0,0
10119,0.27068740972601,2.0595,0,0
10120,0.27068740810149,2.06,0,0
10121,0.27068740647697,2.0605,0,0
10122,0.27068740485245,2.061,0,0
10123,0.27068740322793,2.0615,0,0
10124,0.27068740160341,2.062,0,0
10125,0.27068739997889,2.0625,0,0
10126,0.27068739835437,2.063,0,0
10127,0.27068739672985,2.0635,0,0
10128,0.27068739510533,2.064,0,0
10129,0.2706873934808,2.0645,0,0
10130,0.27068739185628,2.065,0,0
10131,0.27068739023176,2.0655,0,0
10132,0.27068738860724,2.066,0,0
10133,0.27068738698272,2.0665,0,0
10134,0.2706873853582,2.067,0,0
10135,0.27068738373368,2.0675,0,0
10136,0.27068738210916,2.068,0,0
10137,0.27068738048464,2.0685,0,0
10138,0.27068737886011,2.069,0,0
10139,0.27068737723559,2.0695,0,0
10140,0.27068737561107,2.07,0,0
10141,0.27068737398655,2.0705,0,0
10142,0.27068737236203,2.071,0,0
10143,0.27068737073751,2.0715,0,0
10144,0.27068736911299,2.072,0,0
10145,0.27068736748847,2.0725,0,0
10146,0.27068736586395,2.073,0,0
10147,0.27068736423942,2.0735,0,0
10148,0.2706873626149,2.074,0,0
10149,0.27068736099038,2.0745,0,0
10150,0.27068735936586,2.075,0,0
10151,0.27068735774134,2.0755,0,0
10152,0.27068735611682,2.076,0,0
10153,0.2706873544923,2.0765,0,0
10154,0.27068735286778,2.077,0,0
10155,0.27068735124326,2.0775,0,0
10156,0.27068734961874,2.078,0,0
10157,0.27068734799421,2.0785,0,0
10158,0.27068734636969,2.079,0,0
10159,0.27068734474517,2.0795,0,0
10160,0.27068734312065,2.08,0,0
10161,0.27068734149613,2.0805,0,0
10162,0.27068733987161,2.081,0,0
10163,0.27068733824709,2.0815,0,0
10164,0.27068733662257,2.082,0,0
10165,0.27068733499805,2.0825,0,0
10166,0.27068733337352,2.083,0,0
10167,0.270687331749,2.0835,0,0
10168,0.27068733012448,2.084,0,0
10169,0.27068732849996,2.0845,0,0
10170,0.27068732687544,2.085,0,0
10171,0.27068732525092,2.0855,0,0
10172,0.2706873236264,2.086,0,0
10173,0.27068732200188,2.0865,0,0
10174,0.27068732037736,2.087,0,0
10175,0.27068731875283,2.0875,0,0
10176,0.27068731712831,2.088,0,0
10177,0.27068731550379,2.0885,0,0
10178,0.27068731387927,2.089,0,0
10179,0.27068731225475,2.0895,0,0
10180,0.27068731063023,2.09,0,0
10181,0.27068730900571,2.0905,0,0
10182,0.27068730738119,2.091,0,0
10183,0.27068730575667,2.0915,0,0
10184,0.27068730413215,2.092,0,0
10185,0.27068730250762,2.0925,0,0
10186,0.2706873008831,2.093,0,0
10187,0.27068729925858,2.0935,0,0
10188,0.27068729763406,2.094,0,0
10189,0.27068729600954,2.0945,0,0
10190,0.27068729438502,2.095,0,0
10191,0.2706872927605,2.0955,0,0
10192,0.27068729113598,2.096,0,0
10193,0.27068728951146,2.0965,0,0
10194,0.27068728788693,2.097,0,0
10195,0.27068728626241,2.0975,0,0
10196,0.27068728463789,2.098,0,0
10197,0.27068728301337,2.0985,0,0
10198,0.27068728138885,2.099,0,0
10199,0.27068727976433,2.0995,0,0
10200,0.27068727813981,2.1,0,0
10201,0.27068727651529,2.1005,0,0
10202,0.27068727489077,2.101,0,0
10203,0.27068727326624,2.1015,0,0
10204,0.27068727164172,2.102,0,0
10205,0.2706872700172,2.1025,0,0
10206,0.27068726839268,2.103,0,0
10207,0.27068726676816,2.1035,0,0
10208,0.27068726514364,2.104,0,0
10209,0.27068726351912,2.1045,0,0
10210,0.2706872618946,2.105,0,0
10211,0.27068726027008,2.1055,0,0
10212,0.27068725864556,2.106,0,0
10213,0.27068725702103,2.1065,0,0
10214,0.27068725539651,2.107,0,0
10215,0.27068725377199,2.1075,0,0
10216,0.27068725214747,2.108,0,0
10217,0.27068725052295,2.1085,0,0
10218,0.27068724889843,2.109,0,0
10219,0.27068724727391,2.1095,0,0
10220,0.27068724564939,2.11,0,0
10221,0.27068724402487,2.1105,0,0
10222,0.27068724240034,2.111,0,0
10223,0.27068724077582,2.1115,0,0
10224,0.2706872391513,2.112,0,0
10225,0.27068723752678,2.1125,0,0
10226,0.27068723590226,2.113,0,0
10227,0.27068723427774,2.1135,0,0
10228,0.27068723265322,2.114,0,0
10229,0.2706872310287,2.1145,0,0
10230,0.27068722940418,2.115,0,0
10231,0.27068722777965,2.1155,0,0
10232,0.27068722615513,2.116,0,0
10233,0.27068722453061,2.1165,0,0
10234,0.27068722290609,2.117,0,0
10235,0.27068722128157,2.1175,0,0
10236,0.27068721965705,2.118,0,0
10237,0.27068721803253,2.1185,0,0
10238,0.27068721640801,2.119,0,0
10239,0.27068721478349,2.1195,0,0
10240,0.27068721315897,2.12,0,0
10241,0.27068721153444,2.1205,0,0
10242,0.27068720990992,2.121,0,0
10243,0.2706872082854,2.1215,0,0
10244,0.27068720666088,2.122,0,0
10245,0.27068720503636,2.1225,0,0
10246,0.27068720341184,2.123,0,0
10247,0.27068720178732,2.1235,0,0
10248,0.2706872001628,2.124,0,0
10249,0.27068719853828,2.1245,0,0
10250,0.27068719691375,2.125,0,0
10251,0.27068719528923,2.1255,0,0
10252,0.27068719366471,2.126,0,0
10253,0.27068719204019,2.1265,0,0
10254,0.27068719041567,2.127,0,0
10255,0.27068718879115,2.1275,0,0
10256,0.27068718716663,2.128,0,0
10257,0.27068718554211,2.1285,0,0
10258,0.27068718391759,2.129,0,0
10259,0.27068718229306,2.1295,0,0
10260,0.27068718066854,2.13,0,0
10261,0.27068717904402,2.1305,0,0
10262,0.2706871774195,2.131,0,0
10263,0.27068717579498,2.1315,0,0
10264,0.27068717417046,2.132,0,0
10265,0.27068717254594,2.1325,0,0
10266,0.27068717092142,2.133,0,0
10267,0.2706871692969,2.1335,0,0
10268,0.27068716767237,2.134,0,0
10269,0.27068716604785,2.1345,0,0
10270,0.27068716442333,2.135,0,0
10271,0.27068716279881,2.1355,0,0
10272,0.27068716117429,2.136,0,0
10273,0.27068715954977,2.1365,0,0
10274,0.27068715792525,2.137,0,0
10275,0.27068715630073,2.1375,0,0
10276,0.27068715467621,2.138,0,0
10277,0.27068715305169,2.1385,0,0
10278,0.27068715142716,2.139,0,0
10279,0.27068714980264,2.1395,0,0
10280,0.27068714817812,2.14,0,0
10281,0.2706871465536,2.1405,0,0
10282,0.27068714492908,2.141,0,0
10283,0.27068714330456,2.1415,0,0
10284,0.27068714168004,2.142,0,0
10285,0.27068714005552,2.1425,0,0
10286,0.270687138431,2.143,0,0
10287,0.27068713680647,2.1435,0,0
10288,0.27068713518195,2.144,0,0
10289,0.27068713355743,2.1445,0,0
10290,0.27068713193291,2.145,0,0
10291,0.27068713030839,2.1455,0,0
10292,0.27068712868387,2.146,0,0
10293,0.27068712705935,2.1465,0,0
10294,0.27068712543483,2.147,0,0
10295,0.27068712381031,2.1475,0,0
10296,0.27068712218579,2.148,0,0
10297,0.27068712056126,2.1485,0,0
10298,0.27068711893674,2.149,0,0
10299,0.27068711731222,2.1495,0,0
10300,0.2706871156877,2.15,0,0
10301,0.27068711406318,2.1505,0,0
10302,0.27068711243866,2.151,0,0
10303,0.27068711081414,2.1515,0,0
10304,0.27068710918962,2.152,0,0
10305,0.2706871075651,2.1525,0,0
10306,0.27068710594057,2.153,0,0
10307,0.27068710431605,2.1535,0,0
10308,0.27068710269153,2.154,0,0
10309,0.27068710106701,2.1545,0,0
10310,0.27068709944249,2.155,0,0
10311,0.27068709781797,2.1555,0,0
10312,0.27068709619345,2.156,0,0
10313,0.27068709456893,2.1565,0,0
10314,0.27068709294441,2.157,0,0
10315,0.27068709131988,2.1575,0,0
10316,0.27068708969536,2.158,0,0
10317,0.27068708807084,2.1585,0,0
10318,0.27068708644632,2.159,0,0
10319,0.2706870848218,2.1595,0,0
10320,0.27068708319728,2.16,0,0
10321,0.27068708157276,2.1605,0,0
10322,0.27068707994824,2.161,0,0
10323,0.27068707832372,2.1615,0,0
10324,0.2706870766992,2.162,0,0
10325,0.27068707507467,2.1625,0,0
10326,0.27068707345015,2.163,0,0
10327,0.27068707182563,2.1635,0,0
10328,0.27068707020111,2.164,0,0
10329,0.27068706857659,2.1645,0,0
10330,0.27068706695207,2.165,0,0
10331,0.27068706532755,2.1655,0,0
10332,0.27068706370303,2.166,0,0
10333,0.27068706207851,2.1665,0,0
10334,0.27068706045398,2.167,0,0
10335,0.27068705882946,2.1675,0,0
10336,0.27068705720494,2.168,0,0
10337,0.27068705558042,2.1685,0,0
10338,0.2706870539559,2.169,0,0
10339,0.27068705233138,2.1695,0,0
10340,0.27068705070686,2.17,0,0
10341,0.27068704908234,2.1705,0,0
10342,0.27068704745782,2.171,0,0
10343,0.27068704583329,2.1715,0,0
10344,0.27068704420877,2.172,0,0
10345,0.27068704258425,2.1725,0,0
10346,0.27068704095973,2.173,0,0
10347,0.27068703933521,2.1735,0,0
10348,0.27068703771069,2.174,0,0
10349,0.27068703608617,2.1745,0,0
10350,0.27068703446165,2.175,0,0
10351,0.27068703283713,2.1755,0,0
10352,0.27068703121261,2.176,0,0
10353,0.27068702958808,2.1765,0,0
10354,0.27068702796356,2.177,0,0
10355,0.27068702633904,2.1775,0,0
10356,0.27068702471452,2.178,0,0
10357,0.27068702309,2.1785,0,0
10358,0.27068702146548,2.179,0,0
10359,0.27068701984096,2.1795,0,0
10360,0.27068701821644,2.18,0,0
10361,0.27068701659192,2.1805,0,0
10362,0.27068701496739,2.181,0,0
10363,0.27068701334287,2.1815,0,0
10364,0.27068701171835,2.182,0,0
10365,0.27068701009383,2.1825,0,0
10366,0.27068700846931,2.183,0,0
10367,0.27068700684479,2.1835,0,0
10368,0.27068700522027,2.184,0,0
10369,0.27068700359575,2.1845,0,0
10370,0.27068700197123,2.185,0,0
10371,0.2706870003467,2.1855,0,0
10372,0.27068699872218,2.186,0,0
10373,0.27068699709766,2.1865,0,0
10374,0.27068699547314,2.187,0,0
10375,0.27068699384862,2.1875,0,0
10376,0.2706869922241,2.188,0,0
10377,0.27068699059958,2.1885,0,0
10378,0.27068698897506,2.189,0,0
10379,0.27068698735054,2.1895,0,0
10380,0.27068698572601,2.19,0,0
10381,0.27068698410149,2.1905,0,0
10382,0.27068698247697,2.191,0,0
10383,0.27068698085245,2.1915,0,0
10384,0.27068697922793,2.192,0,0
10385,0.27068697760341,2.1925,0,0
10386,0.27068697597889,2.193,0,0
10387,0.27068697435437,2.1935,0,0
10388,0.27068697272985,2.194,0,0
10389,0.27068697110533,2.1945,0,0
10390,0.2706869694808,2.195,0,0
10391,0.27068696785628,2.1955,0,0
10392,0.27068696623176,2.196,0,0
10393,0.27068696460724,2.1965,0,0
10394,0.27068696298272,2.197,0,0
10395,0.2706869613582,2.1975,0,0
10396,0.27068695973368,2.198,0,0
10397,0.27068695810916,2.1985,0,0
10398,0.27068695648464,2.199,0,0
10399,0.27068695486011,2.1995,0,0
10400,0.27068695323559,2.2,0,0
10401,0.27068695161107,2.2005,0,0
10402,0.27068694998655,2.201,0,0
10403,0.27068694836203,2.2015,0,0
10404,0.27068694673751,2.202,0,0
10405,0.27068694511299,2.2025,0,0
10406,0.27068694348847,2.203,0,0
10407,0.27068694186395,2.2035,0,0
10408,0.27068694023942,2.204,0,0
10409,0.2706869386149,2.2045,0,0
10410,0.27068693699038,2.205,0,0
10411,0.27068693536586,2.2055,0,0
10412,0.27068693374134,2.206,0,0
10413,0.27068693211682,2.2065,0,0
10414,0.2706869304923,2.207,0,0
10415,0.27068692886778,2.2075,0,0
10416,0.27068692724326,2.208,0,0
10417,0.27068692561874,2.2085,0,0
10418,0.27068692399421,2.209,0,0
10419,0.27068692236969,2.2095,0,0
10420,0.27068692074517,2.21,0,0
10421,0.27068691912065,2.2105,0,0
10422,0.27068691749613,2.211,0,0
10423,0.27068691587161,2.2115,0,0
10424,0.27068691424709,2.212,0,0
10425,0.27068691262257,2.2125,0,0
10426,0.27068691099805,2.213,0,0
10427,0.27068690937352,2.2135,0,0
10428,0.270686907749,2.214,0,0
10429,0.27068690612448,2.2145,0,0
10430,0.27068690449996,2.215,0,0
10431,0.27068690287544,2.2155,0,0
10432,0.27068690125092,2.216,0,0
10433,0.2706868996264,2.2165,0,0
10434,0.27068689800188,2.217,0,0
10435,0.27068689637736,2.2175,0,0
10436,0.27068689475283,2.218,0,0
10437,0.27068689312831,2.2185,0,0
10438,0.27068689150379,2.219,0,0
10439,0.27068688987927,2.2195,0,0
10440,0.27068688825475,2.22,0,0
10441,0.27068688663023,2.2205,0,0
10442,0.27068688500571,2.221,0,0
10443,0.27068688338119,2.2215,0,0
10444,0.27068688175667,2.222,0,0
10445,0.27068688013215,2.2225,0,0
10446,0.27068687850762,2.223,0,0
10447,0.2706868768831,2.2235,0,0
10448,0.27068687525858,2.224,0,0
10449,0.27068687363406,2.2245,0,0
10450,0.27068687200954,2.225,0,0
10451,0.27068687038502,2.2255,0,0
10452,0.2706868687605,2.226,0,0
10453,0.27068686713598,2.2265,0,0
10454,0.27068686551146,2.227,0,0
10455,0.27068686388693,2.2275,0,0
10456,0.27068686226241,2.228,0,0
10457,0.27068686063789,2.2285,0,0
10458,0.27068685901337,2.229,0,0
10459,0.27068685738885,2.2295,0,0
10460,0.27068685576433,2.23,0,0
10461,0.27068685413981,2.2305,0,0
10462,0.27068685251529,2.231,0,0
10463,0.27068685089077,2.2315,0,0
10464,0.27068684926624,2.232,0,0
10465,0.27068684764172,2.2325,0,0
10466,0.2706868460172,2.233,0,0
10467,0.27068684439268,2.2335,0,0
10468,0.27068684276816,2.234,0,0
10469,0.27068684114364,2.2345,0,0
10470,0.27068683951912,2.235,0,0
10471,0.2706868378946,2.2355,0,0
10472,0.27068683627008,2.236,0,0
10473,0.27068683464555,2.2365,0,0
10474,0.27068683302103,2.237,0,0
10475,0.27068683139651,2.2375,0,0
10476,0.27068682977199,2.238,0,0
10477,0.27068682814747,2.2385,0,0
10478,0.27068682652295,2.239,0,0
10479,0.27068682489843,2.2395,0,0
10480,0.27068682327391,2.24,0,0
10481,0.27068682164939,2.2405,0,0
10482,0.27068682002487,2.241,0,0
10483,0.27068681840034,2.2415,0,0
10484,0.27068681677582,2.242,0,0
10485,0.2706868151513,2.2425,0,0
10486,0.27068681352678,2.243,0,0
10487,0.27068681190226,2.2435,0,0
10488,0.27068681027774,2.244,0,0
10489,0.27068680865322,2.2445,0,0
10490,0.2706868070287,2.245,0,0
10491,0.27068680540418,2.2455,0,0
10492,0.27068680377965,2.246,0,0
10493,0.27068680215513,2.2465,0,0
10494,0.27068680053061,2.247,0,0
10495,0.27068679890609,2.2475,0,0
10496,0.27068679728157,2.248,0,0
10497,0.27068679565705,2.2485,0,0
10498,0.27068679403253,2.249,0,0
10499,0.27068679240801,2.2495,0,0
10500,0.27068679078349,2.25,0,0
10501,0.27068678915896,2.2505,0,0
10502,0.27068678753444,2.251,0,0
10503,0.27068678590992,2.2515,0,0
10504,0.2706867842854,2.252,0,0
10505,0.27068678266088,2.2525,0,0
10506,0.27068678103636,2.253,0,0
10507,0.27068677941184,2.2535,0,0
10508,0.27068677778732,2.254,0,0
10509,0.2706867761628,2.2545,0,0
10510,0.27068677453828,2.255,0,0
10511,0.27068677291375,2.2555,0,0
10512,0.27068677128923,2.256,0,0
10513,0.27068676966471,2.2565,0,0
10514,0.27068676804019,2.257,0,0
10515,0.27068676641567,2.2575,0,0
10516,0.27068676479115,2.258,0,0
10517,0.27068676316663,2.2585,0,0
10518,0.27068676154211,2.259,0,0
10519,0.27068675991759,2.2595,0,0
10520,0.27068675829306,2.26,0,0
10521,0.27068675666854,2.2605,0,0
10522,0.27068675504402,2.261,0,0
10523,0.2706867534195,2.2615,0,0
10524,0.27068675179498,2.262,0,0
10525,0.27068675017046,2.2625,0,0
10526,0.27068674854594,2.263,0,0
10527,0.27068674692142,2.2635,0,0
10528,0.2706867452969,2.264,0,0
10529,0.27068674367237,2.2645,0,0
10530,0.27068674204785,2.265,0,0
10531,0.27068674042333,2.2655,0,0
10532,0.27068673879881,2.266,0,0
10533,0.27068673717429,2.2665,0,0
10534,0.27068673554977,2.267,0,0
10535,0.27068673392525,2.2675,0,0
10536,0.27068673230073,2.268,0,0
10537,0.27068673067621,2.2685,0,0
10538,0.27068672905169,2.269,0,0
10539,0.27068672742716,2.2695,0,0
10540,0.27068672580264,2.27,0,0
10541,0.27068672417812,2.2705,0,0
10542,0.2706867225536,2.271,0,0
10543,0.27068672092908,2.2715,0,0
10544,0.27068671930456,2.272,0,0
10545,0.27068671768004,2.2725,0,0
10546,0.27068671605552,2.273,0,0
10547,0.270686714431,2.2735,0,0
10548,0.27068671280647,2.274,0,0
10549,0.27068671118195,2.2745,0,0
10550,0.27068670955743,2.275,0,0
10551,0.27068670793291,2.2755,0,0
10552,0.27068670630839,2.276,0,0
10553,0.27068670468387,2.2765,0,0
10554,0.27068670305935,2.277,0,0
10555,0.27068670143483,2.2775,0,0
10556,0.27068669981031,2.278,0,0
10557,0.27068669818578,2.2785,0,0
10558,0.27068669656126,2.279,0,0
10559,0.27068669493674,2.2795,0,0
10560,0.27068669331222,2.28,0,0
10561,0.2706866916877,2.2805,0,0
10562,0.27068669006318,2.281,0,0
10563,0.27068668843866,2.2815,0,0
10564,0.27068668681414,2.282,0,0
10565,0.27068668518962,2.2825,0,0
10566,0.2706866835651,2.283,0,0
10567,0.27068668194057,2.2835,0,0
10568,0.27068668031605,2.284,0,0
10569,0.27068667869153,2.2845,0,0
10570,0.27068667706701,2.285,0,0
10571,0.27068667544249,2.2855,0,0
10572,0.27068667381797,2.286,0,0
10573,0.27068667219345,2.2865,0,0
10574,0.27068667056893,2.287,0,0
10575,0.27068666894441,2.2875,0,0
10576,0.27068666731988,2.288,0,0
10577,0.27068666569536,2.2885,0,0
10578,0.27068666407084,2.289,0,0
10579,0.27068666244632,2.2895,0,0
10580,0.2706866608218,2.29,0,0
10581,0.27068665919728,2.2905,0,0
10582,0.27068665757276,2.291,0,0
10583,0.27068665594824,2.2915,0,0
10584,0.27068665432372,2.292,0,0
10585,0.27068665269919,2.2925,0,0
10586,0.27068665107467,2.293,0,0
10587,0.27068664945015,2.2935,0,0
10588,0.27068664782563,2.294,0,0
10589,0.27068664620111,2.2945,0,0
10590,0.27068664457659,2.295,0,0
10591,0.27068664295207,2.2955,0,0
10592,0.27068664132755,2.296,0,0
10593,0.27068663970303,2.2965,0,0
10594,0.27068663807851,2.297,0,0
10595,0.27068663645398,2.2975,0,0
10596,0.27068663482946,2.298,0,0
10597,0.27068663320494,2.2985,0,0
10598,0.27068663158042,2.299,0,0
10599,0.2706866299559,2.2995,0,0
10600,0.27068662833138,2.3,0,0
10601,0.27068662670686,2.3005,0,0
10602,0.27068662508234,2.301,0,0
10603,0.27068662345782,2.3015,0,0
10604,0.27068662183329,2.302,0,0
10605,0.27068662020877,2.3025,0,0
10606,0.27068661858425,2.303,0,0
10607,0.27068661695973,2.3035,0,0
10608,0.27068661533521,2.304,0,0
10609,0.27068661371069,2.3045,0,0
10610,0.27068661208617,2.305,0,0
10611,0.27068661046165,2.3055,0,0
10612,0.27068660883713,2.306,0,0
10613,0.2706866072126,2.3065,0,0
10614,0.27068660558808,2.307,0,0
10615,0.27068660396356,2.3075,0,0
10616,0.27068660233904,2.308,0,0
10617,0.27068660071452,2.3085,0,0
10618,0.27068659909,2.309,0,0
10619,0.27068659746548,2.3095,0,0
10620,0.27068659584096,2.31,0,0
10621,0.27068659421644,2.3105,0,0
10622,0.27068659259191,2.311,0,0
10623,0.27068659096739,2.3115,0,0
10624,0.27068658934287,2.312,0,0
10625,0.27068658771835,2.3125,0,0
10626,0.27068658609383,2.313,0,0
10627,0.27068658446931,2.3135,0,0
10628,0.27068658284479,2.314,0,0
10629,0.27068658122027,2.3145,0,0
10630,0.27068657959575,2.315,0,0
10631,0.27068657797123,2.3155,0,0
10632,0.2706865763467,2.316,0,0
10633,0.27068657472218,2.3165,0,0
10634,0.27068657309766,2.317,0,0
10635,0.27068657147314,2.3175,0,0
10636,0.27068656984862,2.318,0,0
10637,0.2706865682241,2.3185,0,0
10638,0.27068656659958,2.319,0,0
10639,0.27068656497506,2.3195,0,0
10640,0.27068656335054,2.32,0,0
10641,0.27068656172601,2.3205,0,0
10642,0.27068656010149,2.321,0,0
10643,0.27068655847697,2.3215,0,0
10644,0.27068655685245,2.322,0,0
10645,0.27068655522793,2.3225,0,0
10646,0.27068655360341,2.323,0,0
10647,0.27068655197889,2.3235,0,0
10648,0.27068655035437,2.324,0,0
10649,0.27068654872985,2.3245,0,0
10650,0.27068654710532,2.325,0,0
10651,0.2706865454808,2.3255,0,0
10652,0.27068654385628,2.326,0,0
10653,0.27068654223176,2.3265,0,0
10654,0.27068654060724,2.327,0,0
10655,0.27068653898272,2.3275,0,0
10656,0.2706865373582,2.328,0,0
10657,0.27068653573368,2.3285,0,0
10658,0.27068653410916,2.329,0,0
10659,0.27068653248464,2.3295,0,0
10660,0.27068653086011,2.33,0,0
10661,0.27068652923559,2.3305,0,0
10662,0.27068652761107,2.331,0,0
10663,0.27068652598655,2.3315,0,0
10664,0.27068652436203,2.332,0,0
10665,0.27068652273751,2.3325,0,0
10666,0.27068652111299,2.333,0,0
10667,0.27068651948847,2.3335,0,0
10668,0.27068651786395,2.334,0,0
10669,0.27068651623942,2.3345,0,0
10670,0.2706865146149,2.335,0,0
10671,0.27068651299038,2.3355,0,0
10672,0.27068651136586,2.336,0,0
10673,0.27068650974134,2.3365,0,0
10674,0.27068650811682,2.337,0,0
10675,0.2706865064923,2.3375,0,0
10676,0.27068650486778,2.338,0,0
10677,0.27068650324326,2.3385,0,0
10678,0.27068650161873,2.339,0,0
10679,0.27068649999421,2.3395,0,0
10680,0.27068649836969,2.34,0,0
10681,0.27068649674517,2.3405,0,0
10682,0.27068649512065,2.341,0,0
10683,0.27068649349613,2.3415,0,0
10684,0.27068649187161,2.342,0,0
10685,0.27068649024709,2.3425,0,0
10686,0.27068648862257,2.343,0,0
10687,0.27068648699805,2.3435,0,0
10688,0.27068648537352,2.344,0,0
10689,0.270686483749,2.3445,0,0
10690,0.27068648212448,2.345,0,0
10691,0.27068648049996,2.3455,0,0
10692,0.27068647887544,2.346,0,0
10693,0.27068647725092,2.3465,0,0
10694,0.2706864756264,2.347,0,0
10695,0.27068647400188,2.3475,0,0
10696,0.27068647237736,2.348,0,0
10697,0.27068647075283,2.3485,0,0
10698,0.27068646912831,2.349,0,0
10699,0.27068646750379,2.3495,0,0
10700,0.27068646587927,2.35,0,0
10701,0.27068646425475,2.3505,0,0
10702,0.27068646263023,2.351,0,0
10703,0.27068646100571,2.3515,0,0
10704,0.27068645938119,2.352,0,0
10705,0.27068645775667,2.3525,0,0
10706,0.27068645613214,2.353,0,0
10707,0.27068645450762,2.3535,0,0
10708,0.2706864528831,2.354,0,0
10709,0.27068645125858,2.3545,0,0
10710,0.27068644963406,2.355,0,0
10711,0.27068644800954,2.3555,0,0
10712,0.27068644638502,2.356,0,0
10713,0.2706864447605,2.3565,0,0
10714,0.27068644313598,2.357,0,0
10715,0.27068644151146,2.3575,0,0
10716,0.27068643988693,2.358,0,0
10717,0.27068643826241,2.3585,0,0
10718,0.27068643663789,2.359,0,0
10719,0.27068643501337,2.3595,0,0
10720,0.27068643338885,2.36,0,0
10721,0.27068643176433,2.3605,0,0
10722,0.27068643013981,2.361,0,0
10723,0.27068642851529,2.3615,0,0
10724,0.27068642689077,2.362,0,0
10725,0.27068642526624,2.3625,0,0
10726,0.27068642364172,2.363,0,0
10727,0.2706864220172,2.3635,0,0
10728,0.27068642039268,2.364,0,0
10729,0.27068641876816,2.3645,0,0
10730,0.27068641714364,2.365,0,0
10731,0.27068641551912,2.3655,0,0
10732,0.2706864138946,2.366,0,0
10733,0.27068641227008,2.3665,0,0
10734,0.27068641064555,2.367,0,0
10735,0.27068640902103,2.3675,0,0
10736,0.27068640739651,2.368,0,0
10737,0.27068640577199,2.3685,0,0
10738,0.27068640414747,2.369,0,0
10739,0.27068640252295,2.3695,0,0
10740,0.27068640089843,2.37,0,0
10741,0.27068639927391,2.3705,0,0
10742,0.27068639764939,2.371,0,0
10743,0.27068639602487,2.3715,0,0
10744,0.27068639440034,2.372,0,0
10745,0.27068639277582,2.3725,0,0
10746,0.2706863911513,2.373,0,0
10747,0.27068638952678,2.3735,0,0
10748,0.27068638790226,2.374,0,0
10749,0.27068638627774,2.3745,0,0
10750,0.27068638465322,2.375,0,0
10751,0.2706863830287,2.3755,0,0
10752,0.27068638140418,2.376,0,0
10753,0.27068637977965,2.3765,0,0
10754,0.27068637815513,2.377,0,0
10755,0.27068637653061,2.3775,0,0
10756,0.27068637490609,2.378,0,0
10757,0.27068637328157,2.3785,0,0
10758,0.27068637165705,2.379,0,0
10759,0.27068637003253,2.3795,0,0
10760,0.27068636840801,2.38,0,0
10761,0.27068636678349,2.3805,0,0
10762,0.27068636515896,2.381,0,0
10763,0.27068636353444,2.3815,0,0
10764,0.27068636190992,2.382,0,0
10765,0.2706863602854,2.3825,0,0
10766,0.27068635866088,2.383,0,0
10767,0.27068635703636,2.3835,0,0
10768,0.27068635541184,2.384,0,0
10769,0.27068635378732,2.3845,0,0
10770,0.2706863521628,2.385,0,0
10771,0.27068635053828,2.3855,0,0
10772,0.27068634891375,2.386,0,0
10773,0.27068634728923,2.3865,0,0
10774,0.27068634566471,2.387,0,0
10775,0.27068634404019,2.3875,0,0
10776,0.27068634241567,2.388,0,0
10777,0.27068634079115,2.3885,0,0
10778,0.27068633916663,2.389,0,0
10779,0.27068633754211,2.3895,0,0
10780,0.27068633591759,2.39,0,0
10781,0.27068633429306,2.3905,0,0
10782,0.27068633266854,2.391,0,0
10783,0.27068633104402,2.3915,0,0
10784,0.2706863294195,2.392,0,0
10785,0.27068632779498,2.3925,0,0
10786,0.27068632617046,2.393,0,0
10787,0.27068632454594,2.3935,0,0
10788,0.27068632292142,2.394,0,0
10789,0.2706863212969,2.3945,0,0
10790,0.27068631967237,2.395,0,0
10791,0.27068631804785,2.3955,0,0
10792,0.27068631642333,2.396,0,0
10793,0.27068631479881,2.3965,0,0
10794,0.27068631317429,2.397,0,0
10795,0.27068631154977,2.3975,0,0
10796,0.27068630992525,2.398,0,0
10797,0.27068630830073,2.3985,0,0
10798,0.27068630667621,2.399,0,0
10799,0.27068630505169,2.3995,0,0
10800,0.27068630342716,2.4,0,0
10801,0.27068630180264,2.4005,0,0
10802,0.27068630017812,2.401,0,0
10803,0.2706862985536,2.4015,0,0
10804,0.27068629692908,2.402,0,0
10805,0.27068629530456,2.4025,0,0
10806,0.27068629368004,2.403,0,0
10807,0.27068629205552,2.4035,0,0
10808,0.270686290431,2.404,0,0
10809,0.27068628880647,2.4045,0,0
10810,0.27068628718195,2.405,0,0
10811,0.27068628555743,2.4055,0,0
10812,0.27068628393291,2.406,0,0
10813,0.27068628230839,2.4065,0,0
10814,0.27068628068387,2.407,0,0
10815,0.27068627905935,2.4075,0,0
10816,0.27068627743483,2.408,0,0
10817,0.27068627581031,2.4085,0,0
10818,0.27068627418578,2.409,0,0
10819,0.27068627256126,2.4095,0,0
10820,0.27068627093674,2.41,0,0
10821,0.27068626931222,2.4105,0,0
10822,0.2706862676877,2.411,0,0
10823,0.27068626606318,2.4115,0,0
10824,0.27068626443866,2.412,0,0
10825,0.27068626281414,2.4125,0,0
10826,0.27068626118962,2.413,0,0
10827,0.2706862595651,2.4135,0,0
10828,0.27068625794057,2.414,0,0
10829,0.27068625631605,2.4145,0,0
10830,0.27068625469153,2.415,0,0
10831,0.27068625306701,2.4155,0,0
10832,0.27068625144249,2.416,0,0
10833,0.27068624981797,2.4165,0,0
10834,0.27068624819345,2.417,0,0
10835,0.27068624656893,2.4175,0,0
10836,0.27068624494441,2.418,0,0
10837,0.27068624331988,2.4185,0,0
10838,0.27068624169536,2.419,0,0
10839,0.27068624007084,2.4195,0,0
10840,0.27068623844632,2.42,0,0
10841,0.2706862368218,2.4205,0,0
10842,0.27068623519728,2.421,0,0
10843,0.27068623357276,2.4215,0,0
10844,0.27068623194824,2.422,0,0
10845,0.27068623032372,2.4225,0,0
10846,0.27068622869919,2.423,0,0
10847,0.27068622707467,2.4235,0,0
10848,0.27068622545015,2.424,0,0
10849,0.27068622382563,2.4245,0,0
10850,0.27068622220111,2.425,0,0
10851,0.27068622057659,2.4255,0,0
10852,0.27068621895207,2.426,0,0
10853,0.27068621732755,2.4265,0,0
10854,0.27068621570303,2.427,0,0
10855,0.2706862140785,2.4275,0,0
10856,0.27068621245398,2.428,0,0
10857,0.27068621082946,2.4285,0,0
10858,0.27068620920494,2.429,0,0
10859,0.27068620758042,2.4295,0,0
10860,0.2706862059559,2.43,0,0
10861,0.27068620433138,2.4305,0,0
10862,0.27068620270686,2.431,0,0
10863,0.27068620108234,2.4315,0,0
10864,0.27068619945782,2.432,0,0
10865,0.27068619783329,2.4325,0,0
10866,0.27068619620877,2.433,0,0
10867,0.27068619458425,2.4335,0,0
10868,0.27068619295973,2.434,0,0
10869,0.27068619133521,2.4345,0,0
10870,0.27068618971069,2.435,0,0
10871,0.27068618808617,2.4355,0,0
10872,0.27068618646165,2.436,0,0
10873,0.27068618483713,2.4365,0,0
10874,0.2706861832126,2.437,0,0
10875,0.27068618158808,2.4375,0,0
10876,0.27068617996356,2.438,0,0
10877,0.27068617833904,2.4385,0,0
10878,0.27068617671452,2.439,0,0
10879,0.27068617509,2.4395,0,0
10880,0.27068617346548,2.44,0,0
10881,0.27068617184096,2.4405,0,0
10882,0.27068617021644,2.441,0,0
10883,0.27068616859191,2.4415,0,0
10884,0.27068616696739,2.442,0,0
10885,0.27068616534287,2.4425,0,0
10886,0.27068616371835,2.443,0,0
10887,0.27068616209383,2.4435,0,0
10888,0.27068616046931,2.444,0,0
10889,0.27068615884479,2.4445,0,0
10890,0.27068615722027,2.445,0,0
10891,0.27068615559575,2.4455,0,0
10892,0.27068615397123,2.446,0,0
10893,0.2706861523467,2.4465,0,0
10894,0.27068615072218,2.447,0,0
10895,0.27068614909766,2.4475,0,0
10896,0.27068614747314,2.448,0,0
10897,0.27068614584862,2.4485,0,0
10898,0.2706861442241,2.449,0,0
10899,0.27068614259958,2.4495,0,0
10900,0.27068614097506,2.45,0,0
10901,0.27068613935054,2.4505,0,0
10902,0.27068613772601,2.451,0,0
10903,0.27068613610149,2.4515,0,0
10904,0.27068613447697,2.452,0,0
10905,0.27068613285245,2.4525,0,0
10906,0.27068613122793,2.453,0,0
10907,0.27068612960341,2.4535,0,0
10908,0.27068612797889,2.454,0,0
10909,0.27068612635437,2.4545,0,0
10910,0.27068612472985,2.455,0,0
10911,0.27068612310532,2.4555,0,0
10912,0.2706861214808,2.456,0,0
10913,0.27068611985628,2.4565,0,0
10914,0.27068611823176,2.457,0,0
10915,0.27068611660724,2.4575,0,0
10916,0.27068611498272,2.458,0,0
10917,0.2706861133582,2.4585,0,0
10918,0.27068611173368,2.459,0,0
10919,0.27068611010916,2.4595,0,0
10920,0.27068610848464,2.46,0,0
10921,0.27068610686011,2.4605,0,0
10922,0.27068610523559,2.461,0,0
10923,0.27068610361107,2.4615,0,0
10924,0.27068610198655,2.462,0,0
10925,0.27068610036203,2.4625,0,0
10926,0.27068609873751,2.463,0,0
10927,0.27068609711299,2.4635,0,0
10928,0.27068609548847,2.464,0,0
10929,0.27068609386395,2.4645,0,0
10930,0.27068609223942,2.465,0,0
10931,0.2706860906149,2.4655,0,0
10932,0.27068608899038,2.466,0,0
10933,0.27068608736586,2.4665,0,0
10934,0.27068608574134,2.467,0,0
10935,0.27068608411682,2.4675,0,0
10936,0.2706860824923,2.468,0,0
10937,0.27068608086778,2.4685,0,0
10938,0.27068607924326,2.469,0,0
10939,0.27068607761873,2.4695,0,0
10940,0.27068607599421,2.47,0,0
10941,0.27068607436969,2.4705,0,0
10942,0.27068607274517,2.471,0,0
10943,0.27068607112065,2.4715,0,0
10944,0.27068606949613,2.472,0,0
10945,0.27068606787161,2.4725,0,0
10946,0.27068606624709,2.473,0,0
10947,0.27068606462257,2.4735,0,0
10948,0.27068606299805,2.474,0,0
10949,0.27068606137352,2.4745,0,0
10950,0.270686059749,2.475,0,0
10951,0.27068605812448,2.4755,0,0
10952,0.27068605649996,2.476,0,0
10953,0.27068605487544,2.4765,0,0
10954,0.27068605325092,2.477,0,0
10955,0.2706860516264,2.4775,0,0
10956,0.27068605000188,2.478,0,0
10957,0.27068604837736,2.4785,0,0
10958,0.27068604675283,2.479,0,0
10959,0.27068604512831,2.4795,0,0
10960,0.27068604350379,2.48,0,0
10961,0.27068604187927,2.4805,0,0
10962,0.27068604025475,2.481,0,0
10963,0.27068603863023,2.4815,0,0
10964,0.27068603700571,2.482,0,0
10965,0.27068603538119,2.4825,0,0
10966,0.27068603375667,2.483,0,0
10967,0.27068603213214,2.4835,0,0
10968,0.27068603050762,2.484,0,0
10969,0.2706860288831,2.4845,0,0
10970,0.27068602725858,2.485,0,0
10971,0.27068602563406,2.4855,0,0
10972,0.27068602400954,2.486,0,0
10973,0.27068602238502,2.4865,0,0
10974,0.2706860207605,2.487,0,0
10975,0.27068601913598,2.4875,0,0
10976,0.27068601751146,2.488,0,0
10977,0.27068601588693,2.4885,0,0
10978,0.27068601426241,2.489,0,0
10979,0.27068601263789,2.4895,0,0
10980,0.27068601101337,2.49,0,0
10981,0.27068600938885,2.4905,0,0
10982,0.27068600776433,2.491,0,0
10983,0.27068600613981,2.4915,0,0
10984,0.27068600451529,2.492,0,0
10985,0.27068600289077,2.4925,0,0
10986,0.27068600126624,2.493,0,0
10987,0.27068599964172,2.4935,0,0
10988,0.2706859980172,2.494,0,0
10989,0.27068599639268,2.4945,0,0
10990,0.27068599476816,2.495,0,0
10991,0.27068599314364,2.4955,0,0
10992,0.27068599151912,2.496,0,0
10993,0.2706859898946,2.4965,0,0
10994,0.27068598827008,2.497,0,0
10995,0.27068598664555,2.4975,0,0
10996,0.27068598502103,2.498,0,0
10997,0.27068598339651,2.4985,0,0
10998,0.27068598177199,2.499,0,0
10999,0.27068598014747,2.4995,0,0
11000,0.27068597852295,2.5,0,0
11001,0.27068597689843,2.5005,0,0
11002,0.27068597527391,2.501,0,0
11003,0.27068597364939,2.5015,0,0
11004,0.27068597202487,2.502,0,0
11005,0.27068597040034,2.5025,0,0
11006,0.27068596877582,2.503,0,0
11007,0.2706859671513,2.5035,0,0
11008,0.27068596552678,2.504,0,0
11009,0.27068596390226,2.5045,0,0
11010,0.27068596227774,2.505,0,0
11011,0.27068596065322,2.5055,0,0
11012,0.2706859590287,2.506,0,0
11013,0.27068595740418,2.5065,0,0
11014,0.27068595577965,2.507,0,0
11015,0.27068595415513,2.5075,0,0
11016,0.27068595253061,2.508,0,0
11017,0.27068595090609,2.5085,0,0
11018,0.27068594928157,2.509,0,0
11019,0.27068594765705,2.5095,0,0
11020,0.27068594603253,2.51,0,0
11021,0.27068594440801,2.5105,0,0
11022,0.27068594278349,2.511,0,0
11023,0.27068594115896,2.5115,0,0
11024,0.27068593953444,2.512,0,0
11025,0.27068593790992,2.5125,0,0
11026,0.2706859362854,2.513,0,0
11027,0.27068593466088,2.5135,0,0
11028,0.27068593303636,2.514,0,0
11029,0.27068593141184,2.5145,0,0
11030,0.27068592978732,2.515,0,0
11031,0.2706859281628,2.5155,0,0
11032,0.27068592653828,2.516,0,0
11033,0.27068592491375,2.5165,0,0
11034,0.27068592328923,2.517,0,0
11035,0.27068592166471,2.5175,0,0
11036,0.27068592004019,2.518,0,0
11037,0.27068591841567,2.5185,0,0
11038,0.27068591679115,2.519,0,0
11039,0.27068591516663,2.5195,0,0
11040,0.27068591354211,2.52,0,0
11041,0.27068591191759,2.5205,0,0
11042,0.27068591029306,2.521,0,0
11043,0.27068590866854,2.5215,0,0
11044,0.27068590704402,2.522,0,0
11045,0.2706859054195,2.5225,0,0
11046,0.27068590379498,2.523,0,0
11047,0.27068590217046,2.5235,0,0
11048,0.27068590054594,2.524,0,0
11049,0.27068589892142,2.5245,0,0
11050,0.2706858972969,2.525,0,0
11051,0.27068589567237,2.5255,0,0
11052,0.27068589404785,2.526,0,0
11053,0.27068589242333,2.5265,0,0
11054,0.27068589079881,2.527,0,0
11055,0.27068588917429,2.5275,0,0
11056,0.27068588754977,2.528,0,0
11057,0.27068588592525,2.5285,0,0
11058,0.27068588430073,2.529,0,0
11059,0.27068588267621,2.5295,0,0
11060,0.27068588105169,2.53,0,0
11061,0.27068587942716,2.5305,0,0
11062,0.27068587780264,2.531,0,0
11063,0.27068587617812,2.5315,0,0
11064,0.2706858745536,2.532,0,0
11065,0.27068587292908,2.5325,0,0
11066,0.27068587130456,2.533,0,0
11067,0.27068586968004,2.5335,0,0
11068,0.27068586805552,2.534,0,0
11069,0.270685866431,2.5345,0,0
11070,0.27068586480647,2.535,0,0
11071,0.27068586318195,2.5355,0,0
11072,0.27068586155743,2.536,0,0
11073,0.27068585993291,2.5365,0,0
11074,0.27068585830839,2.537,0,0
11075,0.27068585668387,2.5375,0,0
11076,0.27068585505935,2.538,0,0
11077,0.27068585343483,2.5385,0,0
11078,0.27068585181031,2.539,0,0
11079,0.27068585018578,2.5395,0,0
11080,0.27068584856126,2.54,0,0
11081,0.27068584693674,2.5405,0,0
11082,0.27068584531222,2.541,0,0
11083,0.2706858436877,2.5415,0,0
11084,0.27068584206318,2.542,0,0
11085,0.27068584043866,2.5425,0,0
11086,0.27068583881414,2.543,0,0
11087,0.27068583718962,2.5435,0,0
11088,0.27068583556509,2.544,0,0
11089,0.27068583394057,2.5445,0,0
11090,0.27068583231605,2.545,0,0
11091,0.27068583069153,2.5455,0,0
11092,0.27068582906701,2.546,0,0
11093,0.27068582744249,2.5465,0,0
11094,0.27068582581797,2.547,0,0
11095,0.27068582419345,2.5475,0,0
11096,0.27068582256893,2.548,0,0
11097,0.27068582094441,2.5485,0,0
11098,0.27068581931988,2.549,0,0
11099,0.27068581769536,2.5495,0,0
11100,0.27068581607084,2.55,0,0
11101,0.27068581444632,2.5505,0,0
11102,0.2706858128218,2.551,0,0
11103,0.27068581119728,2.5515,0,0
11104,0.27068580957276,2.552,0,0
11105,0.27068580794824,2.5525,0,0
11106,0.27068580632372,2.553,0,0
11107,0.27068580469919,2.5535,0,0
11108,0.27068580307467,2.554,0,0
11109,0.27068580145015,2.5545,0,0
11110,0.27068579982563,2.555,0,0
11111,0.27068579820111,2.5555,0,0
11112,0.27068579657659,2.556,0,0
11113,0.27068579495207,2.5565,0,0
11114,0.27068579332755,2.557,0,0
11115,0.27068579170303,2.5575,0,0
11116,0.27068579007851,2.558,0,0
11117,0.27068578845398,2.5585,0,0
11118,0.27068578682946,2.559,0,0
11119,0.27068578520494,2.5595,0,0
11120,0.27068578358042,2.56,0,0
11121,0.2706857819559,2.5605,0,0
11122,0.27068578033138,2.561,0,0
11123,0.27068577870686,2.5615,0,0
11124,0.27068577708234,2.562,0,0
11125,0.27068577545782,2.5625,0,0
11126,0.27068577383329,2.563,0,0
11127,0.27068577220877,2.5635,0,0
11128,0.27068577058425,2.564,0,0
11129,0.27068576895973,2.5645,0,0
11130,0.27068576733521,2.565,0,0
11131,0.27068576571069,2.5655,0,0
11132,0.27068576408617,2.566,0,0
11133,0.27068576246165,2.5665,0,0
11134,0.27068576083713,2.567,0,0
11135,0.2706857592126,2.5675,0,0
11136,0.27068575758808,2.568,0,0
11137,0.27068575596356,2.5685,0,0
11138,0.27068575433904,2.569,0,0
11139,0.27068575271452,2.5695,0,0
11140,0.27068575109,2.57,0,0
11141,0.27068574946548,2.5705,0,0
11142,0.27068574784096,2.571,0,0
11143,0.27068574621644,2.5715,0,0
11144,0.27068574459191,2.572,0,0
11145,0.27068574296739,2.5725,0,0
11146,0.27068574134287,2.573,0,0
11147,0.27068573971835,2.5735,0,0
11148,0.27068573809383,2.574,0,0
11149,0.27068573646931,2.5745,0,0
11150,0.27068573484479,2.575,0,0
11151,0.27068573322027,2.5755,0,0
11152,0.27068573159575,2.576,0,0
11153,0.27068572997123,2.5765,0,0
11154,0.2706857283467,2.577,0,0
11155,0.27068572672218,2.5775,0,0
11156,0.27068572509766,2.578,0,0
11157,0.27068572347314,2.5785,0,0
11158,0.27068572184862,2.579,0,0
11159,0.2706857202241,2.5795,0,0
11160,0.27068571859958,2.58,0,0
11161,0.27068571697506,2.5805,0,0
11162,0.27068571535054,2.581,0,0
11163,0.27068571372601,2.5815,0,0
11164,0.27068571210149,2.582,0,0
11165,0.27068571047697,2.5825,0,0
11166,0.27068570885245,2.583,0,0
11167,0.27068570722793,2.5835,0,0
11168,0.27068570560341,2.584,0,0
11169,0.27068570397889,2.5845,0,0
11170,0.27068570235437,2.585,0,0
11171,0.27068570072985,2.5855,0,0
11172,0.27068569910532,2.586,0,0
11173,0.2706856974808,2.5865,0,0
11174,0.27068569585628,2.587,0,0
11175,0.27068569423176,2.5875,0,0
11176,0.27068569260724,2.588,0,0
11177,0.27068569098272,2.5885,0,0
11178,0.2706856893582,2.589,0,0
11179,0.27068568773368,2.5895,0,0
11180,0.27068568610916,2.59,0,0
11181,0.27068568448464,2.5905,0,0
11182,0.27068568286011,2.591,0,0
11183,0.27068568123559,2.5915,0,0
11184,0.27068567961107,2.592,0,0
11185,0.27068567798655,2.5925,0,0
11186,0.27068567636203,2.593,0,0
11187,0.27068567473751,2.5935,0,0
11188,0.27068567311299,2.594,0,0
11189,0.27068567148847,2.5945,0,0
11190,0.27068566986395,2.595,0,0
11191,0.27068566823942,2.5955,0,0
11192,0.2706856666149,2.596,0,0
11193,0.27068566499038,2.5965,0,0
11194,0.27068566336586,2.597,0,0
11195,0.27068566174134,2.5975,0,0
11196,0.27068566011682,2.598,0,0
11197,0.2706856584923,2.5985,0,0
11198,0.27068565686778,2.599,0,0
11199,0.27068565524326,2.5995,0,0
11200,0.27068565361873,2.6,0,0
11201,0.27068565199421,2.6005,0,0
11202,0.27068565036969,2.601,0,0
11203,0.27068564874517,2.6015,0,0
11204,0.27068564712065,2.602,0,0
11205,0.27068564549613,2.6025,0,0
11206,0.27068564387161,2.603,0,0
11207,0.27068564224709,2.6035,0,0
11208,0.27068564062257,2.604,0,0
11209,0.27068563899805,2.6045,0,0
11210,0.27068563737352,2.605,0,0
11211,0.270685635749,2.6055,0,0
11212,0.27068563412448,2.606,0,0
11213,0.27068563249996,2.6065,0,0
11214,0.27068563087544,2.607,0,0
11215,0.27068562925092,2.6075,0,0
11216,0.2706856276264,2.608,0,0
11217,0.27068562600188,2.6085,0,0
11218,0.27068562437736,2.609,0,0
11219,0.27068562275283,2.6095,0,0
11220,0.27068562112831,2.61,0,0
11221,0.27068561950379,2.6105,0,0
11222,0.27068561787927,2.611,0,0
11223,0.27068561625475,2.6115,0,0
11224,0.27068561463023,2.612,0,0
11225,0.27068561300571,2.6125,0,0
11226,0.27068561138119,2.613,0,0
11227,0.27068560975667,2.6135,0,0
11228,0.27068560813214,2.614,0,0
11229,0.27068560650762,2.6145,0,0
11230,0.2706856048831,2.615,0,0
11231,0.27068560325858,2.6155,0,0
11232,0.27068560163406,2.616,0,0
11233,0.27068560000954,2.6165,0,0
11234,0.27068559838502,2.617,0,0
11235,0.2706855967605,2.6175,0,0
11236,0.27068559513598,2.618,0,0
11237,0.27068559351146,2.6185,0,0
11238,0.27068559188693,2.619,0,0
11239,0.27068559026241,2.6195,0,0
11240,0.27068558863789,2.62,0,0
11241,0.27068558701337,2.6205,0,0
11242,0.27068558538885,2.621,0,0
11243,0.27068558376433,2.6215,0,0
11244,0.27068558213981,2.622,0,0
11245,0.27068558051529,2.6225,0,0
11246,0.27068557889077,2.623,0,0
11247,0.27068557726624,2.6235,0,0
11248,0.27068557564172,2.624,0,0
11249,0.2706855740172,2.6245,0,0
11250,0.27068557239268,2.625,0,0
11251,0.27068557076816,2.6255,0,0
11252,0.27068556914364,2.626,0,0
11253,0.27068556751912,2.6265,0,0
11254,0.2706855658946,2.627,0,0
11255,0.27068556427008,2.6275,0,0
11256,0.27068556264555,2.628,0,0
11257,0.27068556102103,2.6285,0,0
11258,0.27068555939651,2.629,0,0
11259,0.27068555777199,2.6295,0,0
11260,0.27068555614747,2.63,0,0
11261,0.27068555452295,2.6305,0,0
11262,0.27068555289843,2.631,0,0
11263,0.27068555127391,2.6315,0,0
11264,0.27068554964939,2.632,0,0
11265,0.27068554802487,2.6325,0,0
11266,0.27068554640034,2.633,0,0
11267,0.27068554477582,2.6335,0,0
11268,0.2706855431513,2.634,0,0
11269,0.27068554152678,2.6345,0,0
11270,0.27068553990226,2.635,0,0
11271,0.27068553827774,2.6355,0,0
11272,0.27068553665322,2.636,0,0
11273,0.2706855350287,2.6365,0,0
11274,0.27068553340418,2.637,0,0
11275,0.27068553177965,2.6375,0,0
11276,0.27068553015513,2.638,0,0
11277,0.27068552853061,2.6385,0,0
11278,0.27068552690609,2.639,0,0
11279,0.27068552528157,2.6395,0,0
11280,0.27068552365705,2.64,0,0
11281,0.27068552203253,2.6405,0,0
11282,0.27068552040801,2.641,0,0
11283,0.27068551878349,2.6415,0,0
11284,0.27068551715896,2.642,0,0
11285,0.27068551553444,2.6425,0,0
11286,0.27068551390992,2.643,0,0
11287,0.2706855122854,2.6435,0,0
11288,0.27068551066088,2.644,0,0
11289,0.27068550903636,2.6445,0,0
11290,0.27068550741184,2.645,0,0
11291,0.27068550578732,2.6455,0,0
11292,0.2706855041628,2.646,0,0
11293,0.27068550253828,2.6465,0,0
11294,0.27068550091375,2.647,0,0
11295,0.27068549928923,2.6475,0,0
11296,0.27068549766471,2.648,0,0
11297,0.27068549604019,2.6485,0,0
11298,0.27068549441567,2.649,0,0
11299,0.27068549279115,2.6495,0,0
11300,0.27068549116663,2.65,0,0
11301,0.27068548954211,2.6505,0,0
11302,0.27068548791759,2.651,0,0
11303,0.27068548629306,2.6515,0,0
11304,0.27068548466854,2.652,0,0
11305,0.27068548304402,2.6525,0,0
11306,0.2706854814195,2.653,0,0
11307,0.27068547979498,2.6535,0,0
11308,0.27068547817046,2.654,0,0
11309,0.27068547654594,2.6545,0,0
11310,0.27068547492142,2.655,0,0
11311,0.2706854732969,2.6555,0,0
11312,0.27068547167237,2.656,0,0
11313,0.27068547004785,2.6565,0,0
11314,0.27068546842333,2.657,0,0
11315,0.27068546679881,2.6575,0,0
11316,0.27068546517429,2.658,0,0
11317,0.27068546354977,2.6585,0,0
11318,0.27068546192525,2.659,0,0
11319,0.27068546030073,2.6595,0,0
11320,0.27068545867621,2.66,0,0
11321,0.27068545705169,2.6605,0,0
11322,0.27068545542716,2.661,0,0
11323,0.27068545380264,2.6615,0,0
11324,0.27068545217812,2.662,0,0
11325,0.2706854505536,2.6625,0,0
11326,0.27068544892908,2.663,0,0
11327,0.27068544730456,2.6635,0,0
11328,0.27068544568004,2.664,0,0
11329,0.27068544405552,2.6645,0,0
11330,0.270685442431,2.665,0,0
11331,0.27068544080647,2.6655,0,0
11332,0.27068543918195,2.666,0,0
11333,0.27068543755743,2.6665,0,0
11334,0.27068543593291,2.667,0,0
11335,0.27068543430839,2.6675,0,0
11336,0.27068543268387,2.668,0,0
11337,0.27068543105935,2.6685,0,0
11338,0.27068542943483,2.669,0,0
11339,0.27068542781031,2.6695,0,0
11340,0.27068542618578,2.67,0,0
11341,0.27068542456126,2.6705,0,0
11342,0.27068542293674,2.671,0,0
11343,0.27068542131222,2.6715,0,0
11344,0.2706854196877,2.672,0,0
11345,0.27068541806318,2.6725,0,0
11346,0.27068541643866,2.673,0,0
11347,0.27068541481414,2.6735,0,0
11348,0.27068541318962,2.674,0,0
11349,0.27068541156509,2.6745,0,0
11350,0.27068540994057,2.675,0,0
11351,0.27068540831605,2.6755,0,0
11352,0.27068540669153,2.676,0,0
11353,0.27068540506701,2.6765,0,0
11354,0.27068540344249,2.677,0,0
11355,0.27068540181797,2.6775,0,0
11356,0.27068540019345,2.678,0,0
11357,0.27068539856893,2.6785,0,0
11358,0.27068539694441,2.679,0,0
11359,0.27068539531988,2.6795,0,0
11360,0.27068539369536,2.68,0,0
11361,0.27068539207084,2.6805,0,0
11362,0.27068539044632,2.681,0,0
11363,0.2706853888218,2.6815,0,0
11364,0.27068538719728,2.682,0,0
11365,0.27068538557276,2.6825,0,0
11366,0.27068538394824,2.683,0,0
11367,0.27068538232372,2.6835,0,0
11368,0.27068538069919,2.684,0,0
11369,0.27068537907467,2.6845,0,0
11370,0.27068537745015,2.685,0,0
11371,0.27068537582563,2.6855,0,0
11372,0.27068537420111,2.686,0,0
11373,0.27068537257659,2.6865,0,0
11374,0.27068537095207,2.687,0,0
11375,0.27068536932755,2.6875,0,0
11376,0.27068536770303,2.688,0,0
11377,0.2706853660785,2.6885,0,0
11378,0.27068536445398,2.689,0,0
11379,0.27068536282946,2.6895,0,0
11380,0.27068536120494,2.69,0,0
11381,0.27068535958042,2.6905,0,0
11382,0.2706853579559,2.691,0,0
11383,0.27068535633138,2.6915,0,0
11384,0.27068535470686,2.692,0,0
11385,0.27068535308234,2.6925,0,0
11386,0.27068535145782,2.693,0,0
11387,0.27068534983329,2.6935,0,0
11388,0.27068534820877,2.694,0,0
11389,0.27068534658425,2.6945,0,0
11390,0.27068534495973,2.695,0,0
11391,0.27068534333521,2.6955,0,0
11392,0.27068534171069,2.696,0,0
11393,0.27068534008617,2.6965,0,0
11394,0.27068533846165,2.697,0,0
11395,0.27068533683713,2.6975,0,0
11396,0.2706853352126,2.698,0,0
11397,0.27068533358808,2.6985,0,0
11398,0.27068533196356,2.699,0,0
11399,0.27068533033904,2.6995,0,0
11400,0.27068532871452,2.7,0,0
11401,0.27068532709,2.7005,0,0
11402,0.27068532546548,2.701,0,0
11403,0.27068532384096,2.7015,0,0
11404,0.27068532221644,2.702,0,0
11405,0.27068532059191,2.7025,0,0
11406,0.27068531896739,2.703,0,0
11407,0.27068531734287,2.7035,0,0
11408,0.27068531571835,2.704,0,0
11409,0.27068531409383,2.7045,0,0
11410,0.27068531246931,2.705,0,0
11411,0.27068531084479,2.7055,0,0
11412,0.27068530922027,2.706,0,0
11413,0.27068530759575,2.7065,0,0
11414,0.27068530597123,2.707,0,0
11415,0.2706853043467,2.7075,0,0
11416,0.27068530272218,2.708,0,0
11417,0.27068530109766,2.7085,0,0
11418,0.27068529947314,2.709,0,0
11419,0.27068529784862,2.7095,0,0
11420,0.2706852962241,2.71,0,0
11421,0.27068529459958,2.7105,0,0
11422,0.27068529297506,2.711,0,0
11423,0.27068529135054,2.7115,0,0
11424,0.27068528972601,2.712,0,0
11425,0.27068528810149,2.7125,0,0
11426,0.27068528647697,2.713,0,0
11427,0.27068528485245,2.7135,0,0
11428,0.27068528322793,2.714,0,0
11429,0.27068528160341,2.7145,0,0
11430,0.27068527997889,2.715,0,0
11431,0.27068527835437,2.7155,0,0
11432,0.27068527672985,2.716,0,0
11433,0.27068527510532,2.7165,0,0
11434,0.2706852734808,2.717,0,0
11435,0.27068527185628,2.7175,0,0
11436,0.27068527023176,2.718,0,0
11437,0.27068526860724,2.7185,0,0
11438,0.27068526698272,2.719,0,0
11439,0.2706852653582,2.7195,0,0
11440,0.27068526373368,2.72,0,0
11441,0.27068526210916,2.7205,0,0
11442,0.27068526048464,2.721,0,0
11443,0.27068525886011,2.7215,0,0
11444,0.27068525723559,2.722,0,0
11445,0.27068525561107,2.7225,0,0
11446,0.27068525398655,2.723,0,0
11447,0.27068525236203,2.7235,0,0
11448,0.27068525073751,2.724,0,0
11449,0.27068524911299,2.7245,0,0
11450,0.27068524748847,2.725,0,0
11451,0.27068524586395,2.7255,0,0
11452,0.27068524423942,2.726,0,0
11453,0.2706852426149,2.7265,0,0
11454,0.27068524099038,2.727,0,0
11455,0.27068523936586,2.7275,0,0
11456,0.27068523774134,2.728,0,0
11457,0.27068523611682,2.7285,0,0
11458,0.2706852344923,2.729,0,0
11459,0.27068523286778,2.7295,0,0
11460,0.27068523124326,2.73,0,0
11461,0.27068522961873,2.7305,0,0
11462,0.27068522799421,2.731,0,0
11463,0.27068522636969,2.7315,0,0
11464,0.27068522474517,2.732,0,0
11465,0.27068522312065,2.7325,0,0
11466,0.27068522149613,2.733,0,0
11467,0.27068521987161,2.7335,0,0
11468,0.27068521824709,2.734,0,0
11469,0.27068521662257,2.7345,0,0
11470,0.27068521499805,2.735,0,0
11471,0.27068521337352,2.7355,0,0
11472,0.270685211749,2.736,0,0
11473,0.27068521012448,2.7365,0,0
11474,0.27068520849996,2.737,0,0
11475,0.27068520687544,2.7375,0,0
11476,0.27068520525092,2.738,0,0
11477,0.2706852036264,2.7385,0,0
11478,0.27068520200188,2.739,0,0
11479,0.27068520037736,2.7395,0,0
11480,0.27068519875283,2.74,0,0
11481,0.27068519712831,2.7405,0,0
11482,0.27068519550379,2.741,0,0
11483,0.27068519387927,2.7415,0,0
11484,0.27068519225475,2.742,0,0
11485,0.27068519063023,2.7425,0,0
11486,0.27068518900571,2.743,0,0
11487,0.27068518738119,2.7435,0,0
11488,0.27068518575667,2.744,0,0
11489,0.27068518413214,2.7445,0,0
11490,0.27068518250762,2.745,0,0
11491,0.2706851808831,2.7455,0,0
11492,0.27068517925858,2.746,0,0
11493,0.27068517763406,2.7465,0,0
11494,0.27068517600954,2.747,0,0
11495,0.27068517438502,2.7475,0,0
11496,0.2706851727605,2.748,0,0
11497,0.27068517113598,2.7485,0,0
11498,0.27068516951146,2.749,0,0
11499,0.27068516788693,2.7495,0,0
11500,0.27068516626241,2.75,0,0
11501,0.27068516463789,2.7505,0,0
11502,0.27068516301337,2.751,0,0
11503,0.27068516138885,2.7515,0,0
11504,0.27068515976433,2.752,0,0
11505,0.27068515813981,2.7525,0,0
11506,0.27068515651529,2.753,0,0
11507,0.27068515489077,2.7535,0,0
11508,0.27068515326624,2.754,0,0
11509,0.27068515164172,2.7545,0,0
11510,0.2706851500172,2.755,0,0
11511,0.27068514839268,2.7555,0,0
11512,0.27068514676816,2.756,0,0
11513,0.27068514514364,2.7565,0,0
11514,0.27068514351912,2.757,0,0
11515,0.2706851418946,2.7575,0,0
11516,0.27068514027008,2.758,0,0
11517,0.27068513864555,2.7585,0,0
11518,0.27068513702103,2.759,0,0
11519,0.27068513539651,2.7595,0,0
11520,0.27068513377199,2.76,0,0
11521,0.27068513214747,2.7605,0,0
11522,0.27068513052295,2.761,0,0
11523,0.27068512889843,2.7615,0,0
11524,0.27068512727391,2.762,0,0
11525,0.27068512564939,2.7625,0,0
11526,0.27068512402487,2.763,0,0
11527,0.27068512240034,2.7635,0,0
11528,0.27068512077582,2.764,0,0
11529,0.2706851191513,2.7645,0,0
11530,0.27068511752678,2.765,0,0
11531,0.27068511590226,2.7655,0,0
11532,0.27068511427774,2.766,0,0
11533,0.27068511265322,2.7665,0,0
11534,0.2706851110287,2.767,0,0
11535,0.27068510940418,2.7675,0,0
11536,0.27068510777965,2.768,0,0
11537,0.27068510615513,2.7685,0,0
11538,0.27068510453061,2.769,0,0
11539,0.27068510290609,2.7695,0,0
11540,0.27068510128157,2.77,0,0
11541,0.27068509965705,2.7705,0,0
11542,0.27068509803253,2.771,0,0
11543,0.27068509640801,2.7715,0,0
11544,0.27068509478349,2.772,0,0
11545,0.27068509315896,2.7725,0,0
11546,0.27068509153444,2.773,0,0
11547,0.27068508990992,2.7735,0,0
11548,0.2706850882854,2.774,0,0
11549,0.27068508666088,2.7745,0,0
11550,0.27068508503636,2.775,0,0
11551,0.27068508341184,2.7755,0,0
11552,0.27068508178732,2.776,0,0
11553,0.2706850801628,2.7765,0,0
11554,0.27068507853828,2.777,0,0
11555,0.27068507691375,2.7775,0,0
11556,0.27068507528923,2.778,0,0
11557,0.27068507366471,2.7785,0,0
11558,0.27068507204019,2.779,0,0
11559,0.27068507041567,2.7795,0,0
11560,0.27068506879115,2.78,0,0
11561,0.27068506716663,2.7805,0,0
11562,0.27068506554211,2.781,0,0
11563,0.27068506391759,2.7815,0,0
11564,0.27068506229306,2.782,0,0
11565,0.27068506066854,2.7825,0,0
11566,0.27068505904402,2.783,0,0
11567,0.2706850574195,2.7835,0,0
11568,0.27068505579498,2.784,0,0
11569,0.27068505417046,2.7845,0,0
11570,0.27068505254594,2.785,0,0
11571,0.27068505092142,2.7855,0,0
11572,0.2706850492969,2.786,0,0
11573,0.27068504767237,2.7865,0,0
11574,0.27068504604785,2.787,0,0
11575,0.27068504442333,2.7875,0,0
11576,0.27068504279881,2.788,0,0
11577,0.27068504117429,2.7885,0,0
11578,0.27068503954977,2.789,0,0
11579,0.27068503792525,2.7895,0,0
11580,0.27068503630073,2.79,0,0
11581,0.27068503467621,2.7905,0,0
11582,0.27068503305169,2.791,0,0
11583,0.27068503142716,2.7915,0,0
11584,0.27068502980264,2.792,0,0
11585,0.27068502817812,2.7925,0,0
11586,0.2706850265536,2.793,0,0
11587,0.27068502492908,2.7935,0,0
11588,0.27068502330456,2.794,0,0
11589,0.27068502168004,2.7945,0,0
11590,0.27068502005552,2.795,0,0
11591,0.270685018431,2.7955,0,0
11592,0.27068501680647,2.796,0,0
11593,0.27068501518195,2.7965,0,0
11594,0.27068501355743,2.797,0,0
11595,0.27068501193291,2.7975,0,0
11596,0.27068501030839,2.798,0,0
11597,0.27068500868387,2.7985,0,0
11598,0.27068500705935,2.799,0,0
11599,0.27068500543483,2.7995,0,0
11600,0.27068500381031,2.8,0,0
11601,0.27068500218578,2.8005,0,0
11602,0.27068500056126,2.801,0,0
11603,0.27068499893674,2.8015,0,0
11604,0.27068499731222,2.802,0,0
11605,0.2706849956877,2.8025,0,0
11606,0.27068499406318,2.803,0,0
11607,0.27068499243866,2.8035,0,0
11608,0.27068499081414,2.804,0,0
11609,0.27068498918962,2.8045,0,0
11610,0.2706849875651,2.805,0,0
11611,0.27068498594057,2.8055,0,0
11612,0.27068498431605,2.806,0,0
11613,0.27068498269153,2.8065,0,0
11614,0.27068498106701,2.807,0,0
11615,0.27068497944249,2.8075,0,0
11616,0.27068497781797,2.808,0,0
11617,0.27068497619345,2.8085,0,0
11618,0.27068497456893,2.809,0,0
11619,0.27068497294441,2.8095,0,0
11620,0.27068497131988,2.81,0,0
11621,0.27068496969536,2.8105,0,0
11622,0.27068496807084,2.811,0,0
11623,0.27068496644632,2.8115,0,0
11624,0.2706849648218,2.812,0,0
11625,0.27068496319728,2.8125,0,0
11626,0.27068496157276,2.813,0,0
11627,0.27068495994824,2.8135,0,0
11628,0.27068495832372,2.814,0,0
11629,0.27068495669919,2.8145,0,0
11630,0.27068495507467,2.815,0,0
11631,0.27068495345015,2.8155,0,0
11632,0.27068495182563,2.816,0,0
11633,0.27068495020111,2.8165,0,0
11634,0.27068494857659,2.817,0,0
11635,0.27068494695207,2.8175,0,0
11636,0.27068494532755,2.818,0,0
11637,0.27068494370303,2.8185,0,0
11638,0.2706849420785,2.819,0,0
11639,0.27068494045398,2.8195,0,0
11640,0.27068493882946,2.82,0,0
11641,0.27068493720494,2.8205,0,0
11642,0.27068493558042,2.821,0,0
11643,0.2706849339559,2.8215,0,0
11644,0.27068493233138,2.822,0,0
11645,0.27068493070686,2.8225,0,0
11646,0.27068492908234,2.823,0,0
11647,0.27068492745782,2.8235,0,0
11648,0.27068492583329,2.824,0,0
11649,0.27068492420877,2.8245,0,0
11650,0.27068492258425,2.825,0,0
11651,0.27068492095973,2.8255,0,0
11652,0.27068491933521,2.826,0,0
11653,0.27068491771069,2.8265,0,0
11654,0.27068491608617,2.827,0,0
11655,0.27068491446165,2.8275,0,0
11656,0.27068491283713,2.828,0,0
11657,0.2706849112126,2.8285,0,0
11658,0.27068490958808,2.829,0,0
11659,0.27068490796356,2.8295,0,0
11660,0.27068490633904,2.83,0,0
11661,0.27068490471452,2.8305,0,0
11662,0.27068490309,2.831,0,0
11663,0.27068490146548,2.8315,0,0
11664,0.27068489984096,2.832,0,0
11665,0.27068489821644,2.8325,0,0
11666,0.27068489659191,2.833,0,0
11667,0.27068489496739,2.8335,0,0
11668,0.27068489334287,2.834,0,0
11669,0.27068489171835,2.8345,0,0
11670,0.27068489009383,2.835,0,0
11671,0.27068488846931,2.8355,0,0
11672,0.27068488684479,2.836,0,0
11673,0.27068488522027,2.8365,0,0
11674,0.27068488359575,2.837,0,0
11675,0.27068488197123,2.8375,0,0
11676,0.2706848803467,2.838,0,0
11677,0.27068487872218,2.8385,0,0
11678,0.27068487709766,2.839,0,0
11679,0.27068487547314,2.8395,0,0
11680,0.27068487384862,2.84,0,0
11681,0.2706848722241,2.8405,0,0
11682,0.27068487059958,2.841,0,0
11683,0.27068486897506,2.8415,0,0
11684,0.27068486735054,2.842,0,0
11685,0.27068486572601,2.8425,0,0
11686,0.27068486410149,2.843,0,0
11687,0.27068486247697,2.8435,0,0
11688,0.27068486085245,2.844,0,0
11689,0.27068485922793,2.8445,0,0
11690,0.27068485760341,2.845,0,0
11691,0.27068485597889,2.8455,0,0
11692,0.27068485435437,2.846,0,0
11693,0.27068485272985,2.8465,0,0
11694,0.27068485110532,2.847,0,0
11695,0.2706848494808,2.8475,0,0
11696,0.27068484785628,2.848,0,0
11697,0.27068484623176,2.8485,0,0
11698,0.27068484460724,2.849,0,0
11699,0.27068484298272,2.8495,0,0
11700,0.2706848413582,2.85,0,0
11701,0.27068483973368,2.8505,0,0
11702,0.27068483810916,2.851,0,0
11703,0.27068483648464,2.8515,0,0
11704,0.27068483486011,2.852,0,0
11705,0.27068483323559,2.8525,0,0
11706,0.27068483161107,2.853,0,0
11707,0.27068482998655,2.8535,0,0
11708,0.27068482836203,2.854,0,0
11709,0.27068482673751,2.8545,0,0
11710,0.27068482511299,2.855,0,0
11711,0.27068482348847,2.8555,0,0
11712,0.27068482186395,2.856,0,0
11713,0.27068482023942,2.8565,0,0
11714,0.2706848186149,2.857,0,0
11715,0.27068481699038,2.8575,0,0
11716,0.27068481536586,2.858,0,0
11717,0.27068481374134,2.8585,0,0
11718,0.27068481211682,2.859,0,0
11719,0.2706848104923,2.8595,0,0
11720,0.27068480886778,2.86,0,0
11721,0.27068480724326,2.8605,0,0
11722,0.27068480561873,2.861,0,0
11723,0.27068480399421,2.8615,0,0
11724,0.27068480236969,2.862,0,0
11725,0.27068480074517,2.8625,0,0
11726,0.27068479912065,2.863,0,0
11727,0.27068479749613,2.8635,0,0
11728,0.27068479587161,2.864,0,0
11729,0.27068479424709,2.8645,0,0
11730,0.27068479262257,2.865,0,0
11731,0.27068479099805,2.8655,0,0
11732,0.27068478937352,2.866,0,0
11733,0.270684787749,2.8665,0,0
11734,0.27068478612448,2.867,0,0
11735,0.27068478449996,2.8675,0,0
11736,0.27068478287544,2.868,0,0
11737,0.27068478125092,2.8685,0,0
11738,0.2706847796264,2.869,0,0
11739,0.27068477800188,2.8695,0,0
11740,0.27068477637736,2.87,0,0
11741,0.27068477475283,2.8705,0,0
11742,0.27068477312831,2.871,0,0
11743,0.27068477150379,2.8715,0,0
11744,0.27068476987927,2.872,0,0
11745,0.27068476825475,2.8725,0,0
11746,0.27068476663023,2.873,0,0
11747,0.27068476500571,2.8735,0,0
11748,0.27068476338119,2.874,0,0
11749,0.27068476175667,2.8745,0,0
11750,0.27068476013214,2.875,0,0
11751,0.27068475850762,2.8755,0,0
11752,0.2706847568831,2.876,0,0
11753,0.27068475525858,2.8765,0,0
11754,0.27068475363406,2.877,0,0
11755,0.27068475200954,2.8775,0,0
11756,0.27068475038502,2.878,0,0
11757,0.2706847487605,2.8785,0,0
11758,0.27068474713598,2.879,0,0
11759,0.27068474551146,2.8795,0,0
11760,0.27068474388693,2.88,0,0
11761,0.27068474226241,2.8805,0,0
11762,0.27068474063789,2.881,0,0
11763,0.27068473901337,2.8815,0,0
11764,0.27068473738885,2.882,0,0
11765,0.27068473576433,2.8825,0,0
11766,0.27068473413981,2.883,0,0
11767,0.27068473251529,2.8835,0,0
11768,0.27068473089077,2.884,0,0
11769,0.27068472926624,2.8845,0,0
11770,0.27068472764172,2.885,0,0
11771,0.2706847260172,2.8855,0,0
11772,0.27068472439268,2.886,0,0
11773,0.27068472276816,2.8865,0,0
11774,0.27068472114364,2.887,0,0
11775,0.27068471951912,2.8875,0,0
11776,0.2706847178946,2.888,0,0
11777,0.27068471627008,2.8885,0,0
11778,0.27068471464555,2.889,0,0
11779,0.27068471302103,2.8895,0,0
11780,0.27068471139651,2.89,0,0
11781,0.27068470977199,2.8905,0,0
11782,0.27068470814747,2.891,0,0
11783,0.27068470652295,2.8915,0,0
11784,0.27068470489843,2.892,0,0
11785,0.27068470327391,2.8925,0,0
11786,0.27068470164939,2.893,0,0
11787,0.27068470002486,2.8935,0,0
11788,0.27068469840034,2.894,0,0
11789,0.27068469677582,2.8945,0,0
11790,0.2706846951513,2.895,0,0
11791,0.27068469352678,2.8955,0,0
11792,0.27068469190226,2.896,0,0
11793,0.27068469027774,2.8965,0,0
11794,0.27068468865322,2.897,0,0
11795,0.2706846870287,2.8975,0,0
11796,0.27068468540418,2.898,0,0
11797,0.27068468377965,2.8985,0,0
11798,0.27068468215513,2.899,0,0
11799,0.27068468053061,2.8995,0,0
11800,0.27068467890609,2.9,0,0
11801,0.27068467728157,2.9005,0,0
11802,0.27068467565705,2.901,0,0
11803,0.27068467403253,2.9015,0,0
11804,0.27068467240801,2.902,0,0
11805,0.27068467078349,2.9025,0,0
11806,0.27068466915896,2.903,0,0
11807,0.27068466753444,2.9035,0,0
11808,0.27068466590992,2.904,0,0
11809,0.2706846642854,2.9045,0,0
11810,0.27068466266088,2.905,0,0
11811,0.27068466103636,2.9055,0,0
11812,0.27068465941184,2.906,0,0
11813,0.27068465778732,2.9065,0,0
11814,0.2706846561628,2.907,0,0
11815,0.27068465453827,2.9075,0,0
11816,0.27068465291375,2.908,0,0
11817,0.27068465128923,2.9085,0,0
11818,0.27068464966471,2.909,0,0
11819,0.27068464804019,2.9095,0,0
11820,0.27068464641567,2.91,0,0
11821,0.27068464479115,2.9105,0,0
11822,0.27068464316663,2.911,0,0
11823,0.27068464154211,2.9115,0,0
11824,0.27068463991759,2.912,0,0
11825,0.27068463829306,2.9125,0,0
11826,0.27068463666854,2.913,0,0
11827,0.27068463504402,2.9135,0,0
11828,0.2706846334195,2.914,0,0
11829,0.27068463179498,2.9145,0,0
11830,0.27068463017046,2.915,0,0
11831,0.27068462854594,2.9155,0,0
11832,0.27068462692142,2.916,0,0
11833,0.2706846252969,2.9165,0,0
11834,0.27068462367238,2.917,0,0
11835,0.27068462204785,2.9175,0,0
11836,0.27068462042333,2.918,0,0
11837,0.27068461879881,2.9185,0,0
11838,0.27068461717429,2.919,0,0
11839,0.27068461554977,2.9195,0,0
11840,0.27068461392525,2.92,0,0
11841,0.27068461230073,2.9205,0,0
11842,0.27068461067621,2.921,0,0
11843,0.27068460905169,2.9215,0,0
11844,0.27068460742716,2.922,0,0
11845,0.27068460580264,2.9225,0,0
11846,0.27068460417812,2.923,0,0
11847,0.2706846025536,2.9235,0,0
11848,0.27068460092908,2.924,0,0
11849,0.27068459930456,2.9245,0,0
11850,0.27068459768004,2.925,0,0
11851,0.27068459605552,2.9255,0,0
11852,0.270684594431,2.926,0,0
11853,0.27068459280647,2.9265,0,0
11854,0.27068459118195,2.927,0,0
11855,0.27068458955743,2.9275,0,0
11856,0.27068458793291,2.928,0,0
11857,0.27068458630839,2.9285,0,0
11858,0.27068458468387,2.929,0,0
11859,0.27068458305935,2.9295,0,0
11860,0.27068458143483,2.93,0,0
11861,0.27068457981031,2.9305,0,0
11862,0.27068457818578,2.931,0,0
11863,0.27068457656126,2.9315,0,0
11864,0.27068457493674,2.932,0,0
11865,0.27068457331222,2.9325,0,0
11866,0.2706845716877,2.933,0,0
11867,0.27068457006318,2.9335,0,0
11868,0.27068456843866,2.934,0,0
11869,0.27068456681414,2.9345,0,0
11870,0.27068456518962,2.935,0,0
11871,0.2706845635651,2.9355,0,0
11872,0.27068456194057,2.936,0,0
11873,0.27068456031605,2.9365,0,0
11874,0.27068455869153,2.937,0,0
11875,0.27068455706701,2.9375,0,0
11876,0.27068455544249,2.938,0,0
11877,0.27068455381797,2.9385,0,0
11878,0.27068455219345,2.939,0,0
11879,0.27068455056893,2.9395,0,0
11880,0.27068454894441,2.94,0,0
11881,0.27068454731988,2.9405,0,0
11882,0.27068454569536,2.941,0,0
11883,0.27068454407084,2.9415,0,0
11884,0.27068454244632,2.942,0,0
11885,0.2706845408218,2.9425,0,0
11886,0.27068453919728,2.943,0,0
11887,0.27068453757276,2.9435,0,0
11888,0.27068453594824,2.944,0,0
11889,0.27068453432372,2.9445,0,0
11890,0.27068453269919,2.945,0,0
11891,0.27068453107467,2.9455,0,0
11892,0.27068452945015,2.946,0,0
11893,0.27068452782563,2.9465,0,0
11894,0.27068452620111,2.947,0,0
11895,0.27068452457659,2.9475,0,0
11896,0.27068452295207,2.948,0,0
11897,0.27068452132755,2.9485,0,0
11898,0.27068451970303,2.949,0,0
11899,0.27068451807851,2.9495,0,0
11900,0.27068451645398,2.95,0,0
11901,0.27068451482946,2.9505,0,0
11902,0.27068451320494,2.951,0,0
11903,0.27068451158042,2.9515,0,0
11904,0.2706845099559,2.952,0,0
11905,0.27068450833138,2.9525,0,0
11906,0.27068450670686,2.953,0,0
11907,0.27068450508234,2.9535,0,0
11908,0.27068450345782,2.954,0,0
11909,0.27068450183329,2.9545,0,0
11910,0.27068450020877,2.955,0,0
11911,0.27068449858425,2.9555,0,0
11912,0.27068449695973,2.956,0,0
11913,0.27068449533521,2.9565,0,0
11914,0.27068449371069,2.957,0,0
11915,0.27068449208617,2.9575,0,0
11916,0.27068449046165,2.958,0,0
11917,0.27068448883713,2.9585,0,0
11918,0.2706844872126,2.959,0,0
11919,0.27068448558808,2.9595,0,0
11920,0.27068448396356,2.96,0,0
11921,0.27068448233904,2.9605,0,0
11922,0.27068448071452,2.961,0,0
11923,0.27068447909,2.9615,0,0
11924,0.27068447746548,2.962,0,0
11925,0.27068447584096,2.9625,0,0
11926,0.27068447421644,2.963,0,0
11927,0.27068447259192,2.9635,0,0
11928,0.27068447096739,2.964,0,0
11929,0.27068446934287,2.9645,0,0
11930,0.27068446771835,2.965,0,0
11931,0.27068446609383,2.9655,0,0
11932,0.27068446446931,2.966,0,0
11933,0.27068446284479,2.9665,0,0
11934,0.27068446122027,2.967,0,0
11935,0.27068445959575,2.9675,0,0
11936,0.27068445797123,2.968,0,0
11937,0.2706844563467,2.9685,0,0
11938,0.27068445472218,2.969,0,0
11939,0.27068445309766,2.9695,0,0
11940,0.27068445147314,2.97,0,0
11941,0.27068444984862,2.9705,0,0
11942,0.2706844482241,2.971,0,0
11943,0.27068444659958,2.9715,0,0
11944,0.27068444497506,2.972,0,0
11945,0.27068444335054,2.9725,0,0
11946,0.27068444172601,2.973,0,0
11947,0.27068444010149,2.9735,0,0
11948,0.27068443847697,2.974,0,0
11949,0.27068443685245,2.9745,0,0
11950,0.27068443522793,2.975,0,0
11951,0.27068443360341,2.9755,0,0
11952,0.27068443197889,2.976,0,0
11953,0.27068443035437,2.9765,0,0
11954,0.27068442872985,2.977,0,0
11955,0.27068442710532,2.9775,0,0
11956,0.2706844254808,2.978,0,0
11957,0.27068442385628,2.9785,0,0
11958,0.27068442223176,2.979,0,0
11959,0.27068442060724,2.9795,0,0
11960,0.27068441898272,2.98,0,0
11961,0.2706844173582,2.9805,0,0
11962,0.27068441573368,2.981,0,0
11963,0.27068441410916,2.9815,0,0
11964,0.27068441248464,2.982,0,0
11965,0.27068441086011,2.9825,0,0
11966,0.27068440923559,2.983,0,0
11967,0.27068440761107,2.9835,0,0
11968,0.27068440598655,2.984,0,0
11969,0.27068440436203,2.9845,0,0
11970,0.27068440273751,2.985,0,0
11971,0.27068440111299,2.9855,0,0
11972,0.27068439948847,2.986,0,0
11973,0.27068439786395,2.9865,0,0
11974,0.27068439623942,2.987,0,0
11975,0.2706843946149,2.9875,0,0
11976,0.27068439299038,2.988,0,0
11977,0.27068439136586,2.9885,0,0
11978,0.27068438974134,2.989,0,0
11979,0.27068438811682,2.9895,0,0
11980,0.2706843864923,2.99,0,0
11981,0.27068438486778,2.9905,0,0
11982,0.27068438324326,2.991,0,0
11983,0.27068438161873,2.9915,0,0
11984,0.27068437999421,2.992,0,0
11985,0.27068437836969,2.9925,0,0
11986,0.27068437674517,2.993,0,0
11987,0.27068437512065,2.9935,0,0
11988,0.27068437349613,2.994,0,0
11989,0.27068437187161,2.9945,0,0
11990,0.27068437024709,2.995,0,0
11991,0.27068436862257,2.9955,0,0
11992,0.27068436699805,2.996,0,0
11993,0.27068436537352,2.9965,0,0
11994,0.270684363749,2.997,0,0
11995,0.27068436212448,2.9975,0,0
11996,0.27068436049998,2.998,0,0
11997,0.27068435887536,2.9985,0,0
11998,0.2706843572512,2.999,0,0
11999,0.27068435562533,2.9995,0,0
12000,0.2706843540059,3,0,0
