cm,id,x,y,z
0.14134641781366,4000,0,0,0
0.14610043676179,4001,0.00025,0,0
0.1464239755078,4002,0.0005,0,0
0.14644147249179,4003,0.00075,0,0
0.14644240246134,4004,0.001,0,0
0.14644245565344,4005,0.00125,0,0
0.14644246251408,4006,0.0015,0,0
0.14644246692378,4007,0.00175,0,0
0.14644247120444,4008,0.002,0,0
0.14644247547812,4009,0.00225,0,0
0.14644247975144,4010,0.0025,0,0
0.1464424840247,4011,0.00275,0,0
0.14644248829792,4012,0.003,0,0
0.14644249257112,4013,0.00325,0,0
0.14644249684429,4014,0.0035,0,0
0.14644250111742,4015,0.00375,0,0
0.14644250539052,4016,0.004,0,0
0.14644250966359,4017,0.00425,0,0
0.14644251393662,4018,0.0045,0,0
0.14644251820963,4019,0.00475,0,0
0.1464425224826,4020,0.005,0,0
0.14644252675554,4021,0.00525,0,0
0.14644253102845,4022,0.0055,0,0
0.14644253530133,4023,0.00575,0,0
0.14644253957417,4024,0.006,0,0
0.14644254384698,4025,0.00625,0,0
0.14644254811976,4026,0.0065,0,0
0.14644255239251,4027,0.00675,0,0
0.14644255666523,4028,0.007,0,0
0.14644256093791,4029,0.00725,0,0
0.14644256521056,4030,0.0075,0,0
0.14644256948318,4031,0.00775,0,0
0.14644257375576,4032,0.008,0,0
0.14644257802831,4033,0.00825,0,0
0.14644258230083,4034,0.0085,0,0
0.14644258657332,4035,0.00875,0,0
0.14644259084577,4036,0.009,0,0
0.14644259511819,4037,0.00925,0,0
0.14644259939058,4038,0.0095,0,0
0.14644260366293,4039,0.00975,0,0
0.14644260793526,4040,0.01,0,0
0.14644261220754,4041,0.01025,0,0
0.1464426164798,4042,0.0105,0,0
0.14644262075202,4043,0.01075,0,0
0.14644262502421,4044,0.011,0,0
0.14644262929637,4045,0.01125,0,0
0.14644263356849,4046,0.0115,0,0
0.14644263784058,4047,0.01175,0,0
0.14644264211263,4048,0.012,0,0
0.14644264638465,4049,0.01225,0,0
0.14644265065664,4050,0.0125,0,0
0.1464426549286,4051,0.01275,0,0
0.14644265920052,4052,0.013,0,0
0.1464426634724,4053,0.01325,0,0
0.14644266774426,4054,0.0135,0,0
0.14644267201608,4055,0.01375,0,0
0.14644267628786,4056,0.014,0,0
0.14644268055961,4057,0.01425,0,0
0.14644268483133,4058,0.0145,0,0
0.14644268910302,4059,0.01475,0,0
0.14644269337467,4060,0.015,0,0
0.14644269764628,4061,0.01525,0,0
0.14644270191786,4062,0.0155,0,0
0.14644270618941,4063,0.01575,0,0
0.14644271046092,4064,0.016,0,0
0.1464427147324,4065,0.01625,0,0
0.14644271900384,4066,0.0165,0,0
0.14644272327525,4067,0.01675,0,0
0.14644272754663,4068,0.017,0,0
0.14644273181797,4069,0.01725,0,0
0.14644273608928,4070,0.0175,0,0
0.14644274036055,4071,0.01775,0,0
0.14644274463178,4072,0.018,0,0
0.14644274890299,4073,0.01825,0,0
0.14644275317415,4074,0.0185,0,0
0.14644275744529,4075,0.01875,0,0
0.14644276171638,4076,0.019,0,0
0.14644276598744,4077,0.01925,0,0
0.14644277025847,4078,0.0195,0,0
0.14644277452946,4079,0.01975,0,0
0.14644277880042,4080,0.02,0,0
0.14644278307134,4081,0.02025,0,0
0.14644278734223,4082,0.0205,0,0
0.14644279161308,4083,0.02075,0,0
0.1464427958839,4084,0.021,0,0
0.14644280015468,4085,0.02125,0,0
0.14644280442543,4086,0.0215,0,0
0.14644280869614,4087,0.02175,0,0
0.14644281296681,4088,0.022,0,0
0.14644281723745,4089,0.02225,0,0
0.14644282150805,4090,0.0225,0,0
0.14644282577862,4091,0.02275,0,0
0.14644283004915,4092,0.023,0,0
0.14644283431965,4093,0.02325,0,0
0.14644283859011,4094,0.0235,0,0
0.14644284286054,4095,0.02375,0,0
0.14644284713093,4096,0.024,0,0
0.14644285140128,4097,0.02425,0,0
0.1464428556716,4098,0.0245,0,0
0.14644285994188,4099,0.02475,0,0
0.14644286421212,4100,0.025,0,0
0.14644286848233,4101,0.02525,0,0
0.1464428727525,4102,0.0255,0,0
0.14644287702264,4103,0.02575,0,0
0.14644288129274,4104,0.026,0,0
0.1464428855628,4105,0.02625,0,0
0.14644288983283,4106,0.0265,0,0
0.14644289410282,4107,0.02675,0,0
0.14644289837278,4108,0.027,0,0
0.14644290264269,4109,0.02725,0,0
0.14644290691257,4110,0.0275,0,0
0.14644291118242,4111,0.02775,0,0
0.14644291545223,4112,0.028,0,0
0.146442919722,4113,0.02825,0,0
0.14644292399173,4114,0.0285,0,0
0.14644292826143,4115,0.02875,0,0
0.14644293253109,4116,0.029,0,0
0.14644293680071,4117,0.02925,0,0
0.1464429410703,4118,0.0295,0,0
0.14644294533985,4119,0.02975,0,0
0.14644294960936,4120,0.03,0,0
0.14644295387884,4121,0.03025,0,0
0.14644295814827,4122,0.0305,0,0
0.14644296241768,4123,0.03075,0,0
0.14644296668704,4124,0.031,0,0
0.14644297095637,4125,0.03125,0,0
0.14644297522565,4126,0.0315,0,0
0.14644297949491,4127,0.03175,0,0
0.14644298376412,4128,0.032,0,0
0.1464429880333,4129,0.03225,0,0
0.14644299230243,4130,0.0325,0,0
0.14644299657154,4131,0.03275,0,0
0.1464430008406,4132,0.033,0,0
0.14644300510962,4133,0.03325,0,0
0.14644300937861,4134,0.0335,0,0
0.14644301364756,4135,0.03375,0,0
0.14644301791647,4136,0.034,0,0
0.14644302218535,4137,0.03425,0,0
0.14644302645418,4138,0.0345,0,0
0.14644303072298,4139,0.03475,0,0
0.14644303499174,4140,0.035,0,0
0.14644303926046,4141,0.03525,0,0
0.14644304352915,4142,0.0355,0,0
0.14644304779779,4143,0.03575,0,0
0.1464430520664,4144,0.036,0,0
0.14644305633497,4145,0.03625,0,0
0.1464430606035,4146,0.0365,0,0
0.14644306487199,4147,0.03675,0,0
0.14644306914045,4148,0.037,0,0
0.14644307340886,4149,0.03725,0,0
0.14644307767724,4150,0.0375,0,0
0.14644308194558,4151,0.03775,0,0
0.14644308621387,4152,0.038,0,0
0.14644309048213,4153,0.03825,0,0
0.14644309475036,4154,0.0385,0,0
0.14644309901854,4155,0.03875,0,0
0.14644310328668,4156,0.039,0,0
0.14644310755479,4157,0.03925,0,0
0.14644311182285,4158,0.0395,0,0
0.14644311609088,4159,0.03975,0,0
0.14644312035887,4160,0.04,0,0
0.14644312462682,4161,0.04025,0,0
0.14644312889473,4162,0.0405,0,0
0.1464431331626,4163,0.04075,0,0
0.14644313743043,4164,0.041,0,0
0.14644314169822,4165,0.04125,0,0
0.14644314596597,4166,0.0415,0,0
0.14644315023369,4167,0.04175,0,0
0.14644315450136,4168,0.042,0,0
0.146443158769,4169,0.04225,0,0
0.14644316303659,4170,0.0425,0,0
0.14644316730415,4171,0.04275,0,0
0.14644317157166,4172,0.043,0,0
0.14644317583914,4173,0.04325,0,0
0.14644318010657,4174,0.0435,0,0
0.14644318437397,4175,0.04375,0,0
0.14644318864132,4176,0.044,0,0
0.14644319290864,4177,0.04425,0,0
0.14644319717592,4178,0.0445,0,0
0.14644320144315,4179,0.04475,0,0
0.14644320571035,4180,0.045,0,0
0.14644320997751,4181,0.04525,0,0
0.14644321424462,4182,0.0455,0,0
0.1464432185117,4183,0.04575,0,0
0.14644322277873,4184,0.046,0,0
0.14644322704573,4185,0.04625,0,0
0.14644323131268,4186,0.0465,0,0
0.1464432355796,4187,0.04675,0,0
0.14644323984647,4188,0.047,0,0
0.14644324411331,4189,0.04725,0,0
0.1464432483801,4190,0.0475,0,0
0.14644325264685,4191,0.04775,0,0
0.14644325691357,4192,0.048,0,0
0.14644326118024,4193,0.04825,0,0
0.14644326544687,4194,0.0485,0,0
0.14644326971346,4195,0.04875,0,0
0.14644327398001,4196,0.049,0,0
0.14644327824652,4197,0.04925,0,0
0.14644328251298,4198,0.0495,0,0
0.14644328677941,4199,0.04975,0,0
0.14644329104579,4200,0.05,0,0
0.14644329531214,4201,0.05025,0,0
0.14644329957844,4202,0.0505,0,0
0.1464433038447,4203,0.05075,0,0
0.14644330811092,4204,0.051,0,0
0.1464433123771,4205,0.05125,0,0
0.14644331664324,4206,0.0515,0,0
0.14644332090934,4207,0.05175,0,0
0.1464433251754,4208,0.052,0,0
0.14644332944141,4209,0.05225,0,0
0.14644333370738,4210,0.0525,0,0
0.14644333797331,4211,0.05275,0,0
0.1464433422392,4212,0.053,0,0
0.14644334650505,4213,0.05325,0,0
0.14644335077086,4214,0.0535,0,0
0.14644335503662,4215,0.05375,0,0
0.14644335930234,4216,0.054,0,0
0.14644336356803,4217,0.05425,0,0
0.14644336783366,4218,0.0545,0,0
0.14644337209926,4219,0.05475,0,0
0.14644337636482,4220,0.055,0,0
0.14644338063033,4221,0.05525,0,0
0.1464433848958,4222,0.0555,0,0
0.14644338916123,4223,0.05575,0,0
0.14644339342662,4224,0.056,0,0
0.14644339769196,4225,0.05625,0,0
0.14644340195726,4226,0.0565,0,0
0.14644340622252,4227,0.05675,0,0
0.14644341048774,4228,0.057,0,0
0.14644341475292,4229,0.05725,0,0
0.14644341901805,4230,0.0575,0,0
0.14644342328314,4231,0.05775,0,0
0.14644342754819,4232,0.058,0,0
0.14644343181319,4233,0.05825,0,0
0.14644343607816,4234,0.0585,0,0
0.14644344034308,4235,0.05875,0,0
0.14644344460795,4236,0.059,0,0
0.14644344887279,4237,0.05925,0,0
0.14644345313758,4238,0.0595,0,0
0.14644345740233,4239,0.05975,0,0
0.14644346166703,4240,0.06,0,0
0.1464434659317,4241,0.06025,0,0
0.14644347019632,4242,0.0605,0,0
0.14644347446089,4243,0.06075,0,0
0.14644347872543,4244,0.061,0,0
0.14644348298992,4245,0.06125,0,0
0.14644348725437,4246,0.0615,0,0
0.14644349151877,4247,0.06175,0,0
0.14644349578313,4248,0.062,0,0
0.14644350004745,4249,0.06225,0,0
0.14644350431172,4250,0.0625,0,0
0.14644350857595,4251,0.06275,0,0
0.14644351284014,4252,0.063,0,0
0.14644351710428,4253,0.06325,0,0
0.14644352136838,4254,0.0635,0,0
0.14644352563244,4255,0.06375,0,0
0.14644352989645,4256,0.064,0,0
0.14644353416042,4257,0.06425,0,0
0.14644353842435,4258,0.0645,0,0
0.14644354268823,4259,0.06475,0,0
0.14644354695207,4260,0.065,0,0
0.14644355121586,4261,0.06525,0,0
0.14644355547961,4262,0.0655,0,0
0.14644355974332,4263,0.06575,0,0
0.14644356400698,4264,0.066,0,0
0.1464435682706,4265,0.06625,0,0
0.14644357253417,4266,0.0665,0,0
0.1464435767977,4267,0.06675,0,0
0.14644358106119,4268,0.067,0,0
0.14644358532463,4269,0.06725,0,0
0.14644358958802,4270,0.0675,0,0
0.14644359385138,4271,0.06775,0,0
0.14644359811468,4272,0.068,0,0
0.14644360237795,4273,0.06825,0,0
0.14644360664117,4274,0.0685,0,0
0.14644361090434,4275,0.06875,0,0
0.14644361516747,4276,0.069,0,0
0.14644361943055,4277,0.06925,0,0
0.1464436236936,4278,0.0695,0,0
0.14644362795659,4279,0.06975,0,0
0.14644363221954,4280,0.07,0,0
0.14644363648245,4281,0.07025,0,0
0.14644364074531,4282,0.0705,0,0
0.14644364500812,4283,0.07075,0,0
0.1464436492709,4284,0.071,0,0
0.14644365353362,4285,0.07125,0,0
0.1464436577963,4286,0.0715,0,0
0.14644366205894,4287,0.07175,0,0
0.14644366632153,4288,0.072,0,0
0.14644367058408,4289,0.07225,0,0
0.14644367484658,4290,0.0725,0,0
0.14644367910903,4291,0.07275,0,0
0.14644368337144,4292,0.073,0,0
0.14644368763381,4293,0.07325,0,0
0.14644369189612,4294,0.0735,0,0
0.1464436961584,4295,0.07375,0,0
0.14644370042063,4296,0.074,0,0
0.14644370468281,4297,0.07425,0,0
0.14644370894495,4298,0.0745,0,0
0.14644371320704,4299,0.07475,0,0
0.14644371746908,4300,0.075,0,0
0.14644372173108,4301,0.07525,0,0
0.14644372599304,4302,0.0755,0,0
0.14644373025494,4303,0.07575,0,0
0.14644373451681,4304,0.076,0,0
0.14644373877862,4305,0.07625,0,0
0.14644374304039,4306,0.0765,0,0
0.14644374730212,4307,0.07675,0,0
0.14644375156379,4308,0.077,0,0
0.14644375582543,4309,0.07725,0,0
0.14644376008701,4310,0.0775,0,0
0.14644376434855,4311,0.07775,0,0
0.14644376861004,4312,0.078,0,0
0.14644377287149,4313,0.07825,0,0
0.14644377713289,4314,0.0785,0,0
0.14644378139425,4315,0.07875,0,0
0.14644378565555,4316,0.079,0,0
0.14644378991682,4317,0.07925,0,0
0.14644379417803,4318,0.0795,0,0
0.1464437984392,4319,0.07975,0,0
0.14644380270032,4320,0.08,0,0
0.14644380696139,4321,0.08025,0,0
0.14644381122242,4322,0.0805,0,0
0.1464438154834,4323,0.08075,0,0
0.14644381974434,4324,0.081,0,0
0.14644382400523,4325,0.08125,0,0
0.14644382826607,4326,0.0815,0,0
0.14644383252686,4327,0.08175,0,0
0.14644383678761,4328,0.082,0,0
0.14644384104831,4329,0.08225,0,0
0.14644384530896,4330,0.0825,0,0
0.14644384956957,4331,0.08275,0,0
0.14644385383013,4332,0.083,0,0
0.14644385809064,4333,0.08325,0,0
0.1464438623511,4334,0.0835,0,0
0.14644386661152,4335,0.08375,0,0
0.14644387087189,4336,0.084,0,0
0.14644387513221,4337,0.08425,0,0
0.14644387939248,4338,0.0845,0,0
0.14644388365271,4339,0.08475,0,0
0.14644388791289,4340,0.085,0,0
0.14644389217302,4341,0.08525,0,0
0.14644389643311,4342,0.0855,0,0
0.14644390069314,4343,0.08575,0,0
0.14644390495313,4344,0.086,0,0
0.14644390921307,4345,0.08625,0,0
0.14644391347297,4346,0.0865,0,0
0.14644391773281,4347,0.08675,0,0
0.14644392199261,4348,0.087,0,0
0.14644392625236,4349,0.08725,0,0
0.14644393051206,4350,0.0875,0,0
0.14644393477171,4351,0.08775,0,0
0.14644393903132,4352,0.088,0,0
0.14644394329088,4353,0.08825,0,0
0.14644394755039,4354,0.0885,0,0
0.14644395180985,4355,0.08875,0,0
0.14644395606926,4356,0.089,0,0
0.14644396032862,4357,0.08925,0,0
0.14644396458794,4358,0.0895,0,0
0.14644396884721,4359,0.08975,0,0
0.14644397310643,4360,0.09,0,0
0.1464439773656,4361,0.09025,0,0
0.14644398162472,4362,0.0905,0,0
0.14644398588379,4363,0.09075,0,0
0.14644399014282,4364,0.091,0,0
0.1464439944018,4365,0.09125,0,0
0.14644399866072,4366,0.0915,0,0
0.1464440029196,4367,0.09175,0,0
0.14644400717843,4368,0.092,0,0
0.14644401143721,4369,0.09225,0,0
0.14644401569595,4370,0.0925,0,0
0.14644401995463,4371,0.09275,0,0
0.14644402421327,4372,0.093,0,0
0.14644402847185,4373,0.09325,0,0
0.14644403273039,4374,0.0935,0,0
0.14644403698888,4375,0.09375,0,0
0.14644404124731,4376,0.094,0,0
0.1464440455057,4377,0.09425,0,0
0.14644404976404,4378,0.0945,0,0
0.14644405402233,4379,0.09475,0,0
0.14644405828058,4380,0.095,0,0
0.14644406253877,4381,0.09525,0,0
0.14644406679691,4382,0.0955,0,0
0.146444071055,4383,0.09575,0,0
0.14644407531305,4384,0.096,0,0
0.14644407957104,4385,0.09625,0,0
0.14644408382898,4386,0.0965,0,0
0.14644408808688,4387,0.09675,0,0
0.14644409234472,4388,0.097,0,0
0.14644409660252,4389,0.09725,0,0
0.14644410086027,4390,0.0975,0,0
0.14644410511796,4391,0.09775,0,0
0.14644410937561,4392,0.098,0,0
0.1464441136332,4393,0.09825,0,0
0.14644411789075,4394,0.0985,0,0
0.14644412214825,4395,0.09875,0,0
0.14644412640569,4396,0.099,0,0
0.14644413066309,4397,0.09925,0,0
0.14644413492043,4398,0.0995,0,0
0.14644413917773,4399,0.09975,0,0
0.14644414343498,4400,0.1,0,0
0.14644414769217,4401,0.10025,0,0
0.14644415194932,4402,0.1005,0,0
0.14644415620641,4403,0.10075,0,0
0.14644416046346,4404,0.101,0,0
0.14644416472045,4405,0.10125,0,0
0.14644416897739,4406,0.1015,0,0
0.14644417323429,4407,0.10175,0,0
0.14644417749113,4408,0.102,0,0
0.14644418174792,4409,0.10225,0,0
0.14644418600466,4410,0.1025,0,0
0.14644419026135,4411,0.10275,0,0
0.14644419451799,4412,0.103,0,0
0.14644419877458,4413,0.10325,0,0
0.14644420303112,4414,0.1035,0,0
0.14644420728761,4415,0.10375,0,0
0.14644421154404,4416,0.104,0,0
0.14644421580043,4417,0.10425,0,0
0.14644422005676,4418,0.1045,0,0
0.14644422431305,4419,0.10475,0,0
0.14644422856928,4420,0.105,0,0
0.14644423282546,4421,0.10525,0,0
0.14644423708159,4422,0.1055,0,0
0.14644424133767,4423,0.10575,0,0
0.1464442455937,4424,0.106,0,0
0.14644424984967,4425,0.10625,0,0
0.1464442541056,4426,0.1065,0,0
0.14644425836147,4427,0.10675,0,0
0.14644426261729,4428,0.107,0,0
0.14644426687306,4429,0.10725,0,0
0.14644427112878,4430,0.1075,0,0
0.14644427538445,4431,0.10775,0,0
0.14644427964007,4432,0.108,0,0
0.14644428389563,4433,0.10825,0,0
0.14644428815114,4434,0.1085,0,0
0.1464442924066,4435,0.10875,0,0
0.14644429666201,4436,0.109,0,0
0.14644430091737,4437,0.10925,0,0
0.14644430517268,4438,0.1095,0,0
0.14644430942793,4439,0.10975,0,0
0.14644431368313,4440,0.11,0,0
0.14644431793828,4441,0.11025,0,0
0.14644432219338,4442,0.1105,0,0
0.14644432644843,4443,0.11075,0,0
0.14644433070342,4444,0.111,0,0
0.14644433495836,4445,0.11125,0,0
0.14644433921325,4446,0.1115,0,0
0.14644434346809,4447,0.11175,0,0
0.14644434772287,4448,0.112,0,0
0.1464443519776,4449,0.11225,0,0
0.14644435623228,4450,0.1125,0,0
0.14644436048691,4451,0.11275,0,0
0.14644436474149,4452,0.113,0,0
0.14644436899601,4453,0.11325,0,0
0.14644437325048,4454,0.1135,0,0
0.1464443775049,4455,0.11375,0,0
0.14644438175926,4456,0.114,0,0
0.14644438601357,4457,0.11425,0,0
0.14644439026783,4458,0.1145,0,0
0.14644439452204,4459,0.11475,0,0
0.14644439877619,4460,0.115,0,0
0.14644440303029,4461,0.11525,0,0
0.14644440728434,4462,0.1155,0,0
0.14644441153834,4463,0.11575,0,0
0.14644441579228,4464,0.116,0,0
0.14644442004617,4465,0.11625,0,0
0.1464444243,4466,0.1165,0,0
0.14644442855379,4467,0.11675,0,0
0.14644443280752,4468,0.117,0,0
0.14644443706119,4469,0.11725,0,0
0.14644444131482,4470,0.1175,0,0
0.14644444556839,4471,0.11775,0,0
0.14644444982191,4472,0.118,0,0
0.14644445407537,4473,0.11825,0,0
0.14644445832878,4474,0.1185,0,0
0.14644446258214,4475,0.11875,0,0
0.14644446683544,4476,0.119,0,0
0.14644447108869,4477,0.11925,0,0
0.14644447534189,4478,0.1195,0,0
0.14644447959503,4479,0.11975,0,0
0.14644448384812,4480,0.12,0,0
0.14644448810115,4481,0.12025,0,0
0.14644449235413,4482,0.1205,0,0
0.14644449660706,4483,0.12075,0,0
0.14644450085994,4484,0.121,0,0
0.14644450511276,4485,0.12125,0,0
0.14644450936552,4486,0.1215,0,0
0.14644451361823,4487,0.12175,0,0
0.14644451787089,4488,0.122,0,0
0.1464445221235,4489,0.12225,0,0
0.14644452637605,4490,0.1225,0,0
0.14644453062854,4491,0.12275,0,0
0.14644453488099,4492,0.123,0,0
0.14644453913337,4493,0.12325,0,0
0.14644454338571,4494,0.1235,0,0
0.14644454763799,4495,0.12375,0,0
0.14644455189021,4496,0.124,0,0
0.14644455614238,4497,0.12425,0,0
0.1464445603945,4498,0.1245,0,0
0.14644456464656,4499,0.12475,0,0
0.14644456889857,4500,0.125,0,0
0.14644457315052,4501,0.12525,0,0
0.14644457740242,4502,0.1255,0,0
0.14644458165426,4503,0.12575,0,0
0.14644458590605,4504,0.126,0,0
0.14644459015779,4505,0.12625,0,0
0.14644459440946,4506,0.1265,0,0
0.14644459866109,4507,0.12675,0,0
0.14644460291266,4508,0.127,0,0
0.14644460716417,4509,0.12725,0,0
0.14644461141563,4510,0.1275,0,0
0.14644461566704,4511,0.12775,0,0
0.14644461991839,4512,0.128,0,0
0.14644462416969,4513,0.12825,0,0
0.14644462842093,4514,0.1285,0,0
0.14644463267211,4515,0.12875,0,0
0.14644463692324,4516,0.129,0,0
0.14644464117432,4517,0.12925,0,0
0.14644464542533,4518,0.1295,0,0
0.1464446496763,4519,0.12975,0,0
0.14644465392721,4520,0.13,0,0
0.14644465817806,4521,0.13025,0,0
0.14644466242886,4522,0.1305,0,0
0.1464446666796,4523,0.13075,0,0
0.14644467093029,4524,0.131,0,0
0.14644467518092,4525,0.13125,0,0
0.1464446794315,4526,0.1315,0,0
0.14644468368202,4527,0.13175,0,0
0.14644468793248,4528,0.132,0,0
0.14644469218289,4529,0.13225,0,0
0.14644469643325,4530,0.1325,0,0
0.14644470068354,4531,0.13275,0,0
0.14644470493379,4532,0.133,0,0
0.14644470918397,4533,0.13325,0,0
0.1464447134341,4534,0.1335,0,0
0.14644471768418,4535,0.13375,0,0
0.14644472193419,4536,0.134,0,0
0.14644472618416,4537,0.13425,0,0
0.14644473043406,4538,0.1345,0,0
0.14644473468391,4539,0.13475,0,0
0.14644473893371,4540,0.135,0,0
0.14644474318345,4541,0.13525,0,0
0.14644474743313,4542,0.1355,0,0
0.14644475168275,4543,0.13575,0,0
0.14644475593232,4544,0.136,0,0
0.14644476018183,4545,0.13625,0,0
0.14644476443129,4546,0.1365,0,0
0.14644476868069,4547,0.13675,0,0
0.14644477293003,4548,0.137,0,0
0.14644477717932,4549,0.13725,0,0
0.14644478142855,4550,0.1375,0,0
0.14644478567773,4551,0.13775,0,0
0.14644478992684,4552,0.138,0,0
0.1464447941759,4553,0.13825,0,0
0.14644479842491,4554,0.1385,0,0
0.14644480267385,4555,0.13875,0,0
0.14644480692274,4556,0.139,0,0
0.14644481117158,4557,0.13925,0,0
0.14644481542035,4558,0.1395,0,0
0.14644481966907,4559,0.13975,0,0
0.14644482391774,4560,0.14,0,0
0.14644482816634,4561,0.14025,0,0
0.14644483241489,4562,0.1405,0,0
0.14644483666338,4563,0.14075,0,0
0.14644484091182,4564,0.141,0,0
0.1464448451602,4565,0.14125,0,0
0.14644484940852,4566,0.1415,0,0
0.14644485365678,4567,0.14175,0,0
0.14644485790499,4568,0.142,0,0
0.14644486215313,4569,0.14225,0,0
0.14644486640122,4570,0.1425,0,0
0.14644487064926,4571,0.14275,0,0
0.14644487489723,4572,0.143,0,0
0.14644487914515,4573,0.14325,0,0
0.14644488339302,4574,0.1435,0,0
0.14644488764082,4575,0.14375,0,0
0.14644489188857,4576,0.144,0,0
0.14644489613625,4577,0.14425,0,0
0.14644490038388,4578,0.1445,0,0
0.14644490463146,4579,0.14475,0,0
0.14644490887897,4580,0.145,0,0
0.14644491312643,4581,0.14525,0,0
0.14644491737383,4582,0.1455,0,0
0.14644492162117,4583,0.14575,0,0
0.14644492586846,4584,0.146,0,0
0.14644493011568,4585,0.14625,0,0
0.14644493436285,4586,0.1465,0,0
0.14644493860996,4587,0.14675,0,0
0.14644494285701,4588,0.147,0,0
0.14644494710401,4589,0.14725,0,0
0.14644495135094,4590,0.1475,0,0
0.14644495559782,4591,0.14775,0,0
0.14644495984464,4592,0.148,0,0
0.1464449640914,4593,0.14825,0,0
0.1464449683381,4594,0.1485,0,0
0.14644497258475,4595,0.14875,0,0
0.14644497683133,4596,0.149,0,0
0.14644498107786,4597,0.14925,0,0
0.14644498532433,4598,0.1495,0,0
0.14644498957074,4599,0.14975,0,0
0.14644499381709,4600,0.15,0,0
0.14644499806339,4601,0.15025,0,0
0.14644500230962,4602,0.1505,0,0
0.1464450065558,4603,0.15075,0,0
0.14644501080192,4604,0.151,0,0
0.14644501504798,4605,0.15125,0,0
0.14644501929398,4606,0.1515,0,0
0.14644502353992,4607,0.15175,0,0
0.1464450277858,4608,0.152,0,0
0.14644503203162,4609,0.15225,0,0
0.14644503627739,4610,0.1525,0,0
0.14644504052309,4611,0.15275,0,0
0.14644504476874,4612,0.153,0,0
0.14644504901433,4613,0.15325,0,0
0.14644505325985,4614,0.1535,0,0
0.14644505750532,4615,0.15375,0,0
0.14644506175073,4616,0.154,0,0
0.14644506599608,4617,0.15425,0,0
0.14644507024138,4618,0.1545,0,0
0.14644507448661,4619,0.15475,0,0
0.14644507873178,4620,0.155,0,0
0.1464450829769,4621,0.15525,0,0
0.14644508722195,4622,0.1555,0,0
0.14644509146694,4623,0.15575,0,0
0.14644509571188,4624,0.156,0,0
0.14644509995676,4625,0.15625,0,0
0.14644510420157,4626,0.1565,0,0
0.14644510844633,4627,0.15675,0,0
0.14644511269103,4628,0.157,0,0
0.14644511693566,4629,0.15725,0,0
0.14644512118024,4630,0.1575,0,0
0.14644512542476,4631,0.15775,0,0
0.14644512966922,4632,0.158,0,0
0.14644513391361,4633,0.15825,0,0
0.14644513815795,4634,0.1585,0,0
0.14644514240223,4635,0.15875,0,0
0.14644514664645,4636,0.159,0,0
0.14644515089061,4637,0.15925,0,0
0.14644515513471,4638,0.1595,0,0
0.14644515937874,4639,0.15975,0,0
0.14644516362272,4640,0.16,0,0
0.14644516786664,4641,0.16025,0,0
0.1464451721105,4642,0.1605,0,0
0.1464451763543,4643,0.16075,0,0
0.14644518059803,4644,0.161,0,0
0.14644518484171,4645,0.16125,0,0
0.14644518908533,4646,0.1615,0,0
0.14644519332888,4647,0.16175,0,0
0.14644519757238,4648,0.162,0,0
0.14644520181582,4649,0.16225,0,0
0.14644520605919,4650,0.1625,0,0
0.14644521030251,4651,0.16275,0,0
0.14644521454576,4652,0.163,0,0
0.14644521878895,4653,0.16325,0,0
0.14644522303209,4654,0.1635,0,0
0.14644522727516,4655,0.16375,0,0
0.14644523151817,4656,0.164,0,0
0.14644523576112,4657,0.16425,0,0
0.14644524000401,4658,0.1645,0,0
0.14644524424684,4659,0.16475,0,0
0.14644524848961,4660,0.165,0,0
0.14644525273231,4661,0.16525,0,0
0.14644525697496,4662,0.1655,0,0
0.14644526121755,4663,0.16575,0,0
0.14644526546007,4664,0.166,0,0
0.14644526970253,4665,0.16625,0,0
0.14644527394494,4666,0.1665,0,0
0.14644527818728,4667,0.16675,0,0
0.14644528242956,4668,0.167,0,0
0.14644528667177,4669,0.16725,0,0
0.14644529091393,4670,0.1675,0,0
0.14644529515603,4671,0.16775,0,0
0.14644529939806,4672,0.168,0,0
0.14644530364004,4673,0.16825,0,0
0.14644530788195,4674,0.1685,0,0
0.1464453121238,4675,0.16875,0,0
0.14644531636559,4676,0.169,0,0
0.14644532060731,4677,0.16925,0,0
0.14644532484898,4678,0.1695,0,0
0.14644532909058,4679,0.16975,0,0
0.14644533333213,4680,0.17,0,0
0.14644533757361,4681,0.17025,0,0
0.14644534181503,4682,0.1705,0,0
0.14644534605638,4683,0.17075,0,0
0.14644535029768,4684,0.171,0,0
0.14644535453891,4685,0.17125,0,0
0.14644535878009,4686,0.1715,0,0
0.1464453630212,4687,0.17175,0,0
0.14644536726225,4688,0.172,0,0
0.14644537150323,4689,0.17225,0,0
0.14644537574416,4690,0.1725,0,0
0.14644537998502,4691,0.17275,0,0
0.14644538422582,4692,0.173,0,0
0.14644538846656,4693,0.17325,0,0
0.14644539270723,4694,0.1735,0,0
0.14644539694785,4695,0.17375,0,0
0.1464454011884,4696,0.174,0,0
0.14644540542889,4697,0.17425,0,0
0.14644540966931,4698,0.1745,0,0
0.14644541390968,4699,0.17475,0,0
0.14644541814998,4700,0.175,0,0
0.14644542239022,4701,0.17525,0,0
0.1464454266304,4702,0.1755,0,0
0.14644543087051,4703,0.17575,0,0
0.14644543511056,4704,0.176,0,0
0.14644543935055,4705,0.17625,0,0
0.14644544359048,4706,0.1765,0,0
0.14644544783034,4707,0.17675,0,0
0.14644545207015,4708,0.177,0,0
0.14644545630989,4709,0.17725,0,0
0.14644546054956,4710,0.1775,0,0
0.14644546478918,4711,0.17775,0,0
0.14644546902873,4712,0.178,0,0
0.14644547326821,4713,0.17825,0,0
0.14644547750764,4714,0.1785,0,0
0.146445481747,4715,0.17875,0,0
0.1464454859863,4716,0.179,0,0
0.14644549022554,4717,0.17925,0,0
0.14644549446471,4718,0.1795,0,0
0.14644549870382,4719,0.17975,0,0
0.14644550294287,4720,0.18,0,0
0.14644550718185,4721,0.18025,0,0
0.14644551142077,4722,0.1805,0,0
0.14644551565963,4723,0.18075,0,0
0.14644551989842,4724,0.181,0,0
0.14644552413715,4725,0.18125,0,0
0.14644552837582,4726,0.1815,0,0
0.14644553261442,4727,0.18175,0,0
0.14644553685296,4728,0.182,0,0
0.14644554109144,4729,0.18225,0,0
0.14644554532985,4730,0.1825,0,0
0.1464455495682,4731,0.18275,0,0
0.14644555380649,4732,0.183,0,0
0.14644555804471,4733,0.18325,0,0
0.14644556228287,4734,0.1835,0,0
0.14644556652097,4735,0.18375,0,0
0.146445570759,4736,0.184,0,0
0.14644557499697,4737,0.18425,0,0
0.14644557923487,4738,0.1845,0,0
0.14644558347271,4739,0.18475,0,0
0.14644558771049,4740,0.185,0,0
0.1464455919482,4741,0.18525,0,0
0.14644559618585,4742,0.1855,0,0
0.14644560042343,4743,0.18575,0,0
0.14644560466095,4744,0.186,0,0
0.14644560889841,4745,0.18625,0,0
0.1464456131358,4746,0.1865,0,0
0.14644561737313,4747,0.18675,0,0
0.1464456216104,4748,0.187,0,0
0.1464456258476,4749,0.18725,0,0
0.14644563008473,4750,0.1875,0,0
0.1464456343218,4751,0.18775,0,0
0.14644563855881,4752,0.188,0,0
0.14644564279576,4753,0.18825,0,0
0.14644564703263,4754,0.1885,0,0
0.14644565126945,4755,0.18875,0,0
0.1464456555062,4756,0.189,0,0
0.14644565974288,4757,0.18925,0,0
0.14644566397951,4758,0.1895,0,0
0.14644566821606,4759,0.18975,0,0
0.14644567245255,4760,0.19,0,0
0.14644567668898,4761,0.19025,0,0
0.14644568092534,4762,0.1905,0,0
0.14644568516164,4763,0.19075,0,0
0.14644568939787,4764,0.191,0,0
0.14644569363404,4765,0.19125,0,0
0.14644569787015,4766,0.1915,0,0
0.14644570210619,4767,0.19175,0,0
0.14644570634216,4768,0.192,0,0
0.14644571057807,4769,0.19225,0,0
0.14644571481391,4770,0.1925,0,0
0.14644571904969,4771,0.19275,0,0
0.14644572328541,4772,0.193,0,0
0.14644572752106,4773,0.19325,0,0
0.14644573175664,4774,0.1935,0,0
0.14644573599216,4775,0.19375,0,0
0.14644574022761,4776,0.194,0,0
0.146445744463,4777,0.19425,0,0
0.14644574869832,4778,0.1945,0,0
0.14644575293358,4779,0.19475,0,0
0.14644575716877,4780,0.195,0,0
0.1464457614039,4781,0.19525,0,0
0.14644576563896,4782,0.1955,0,0
0.14644576987396,4783,0.19575,0,0
0.14644577410889,4784,0.196,0,0
0.14644577834376,4785,0.19625,0,0
0.14644578257856,4786,0.1965,0,0
0.14644578681329,4787,0.19675,0,0
0.14644579104796,4788,0.197,0,0
0.14644579528257,4789,0.19725,0,0
0.1464457995171,4790,0.1975,0,0
0.14644580375158,4791,0.19775,0,0
0.14644580798598,4792,0.198,0,0
0.14644581222032,4793,0.19825,0,0
0.1464458164546,4794,0.1985,0,0
0.14644582068881,4795,0.19875,0,0
0.14644582492295,4796,0.199,0,0
0.14644582915703,4797,0.19925,0,0
0.14644583339104,4798,0.1995,0,0
0.14644583762499,4799,0.19975,0,0
0.14644584185887,4800,0.2,0,0
0.14644584609268,4801,0.20025,0,0
0.14644585032643,4802,0.2005,0,0
0.14644585456011,4803,0.20075,0,0
0.14644585879372,4804,0.201,0,0
0.14644586302727,4805,0.20125,0,0
0.14644586726076,4806,0.2015,0,0
0.14644587149417,4807,0.20175,0,0
0.14644587572752,4808,0.202,0,0
0.14644587996081,4809,0.20225,0,0
0.14644588419402,4810,0.2025,0,0
0.14644588842718,4811,0.20275,0,0
0.14644589266026,4812,0.203,0,0
0.14644589689328,4813,0.20325,0,0
0.14644590112623,4814,0.2035,0,0
0.14644590535912,4815,0.20375,0,0
0.14644590959194,4816,0.204,0,0
0.14644591382469,4817,0.20425,0,0
0.14644591805737,4818,0.2045,0,0
0.14644592228999,4819,0.20475,0,0
0.14644592652255,4820,0.205,0,0
0.14644593075503,4821,0.20525,0,0
0.14644593498745,4822,0.2055,0,0
0.1464459392198,4823,0.20575,0,0
0.14644594345209,4824,0.206,0,0
0.14644594768431,4825,0.20625,0,0
0.14644595191646,4826,0.2065,0,0
0.14644595614854,4827,0.20675,0,0
0.14644596038056,4828,0.207,0,0
0.14644596461251,4829,0.20725,0,0
0.14644596884439,4830,0.2075,0,0
0.14644597307621,4831,0.20775,0,0
0.14644597730796,4832,0.208,0,0
0.14644598153964,4833,0.20825,0,0
0.14644598577126,4834,0.2085,0,0
0.1464459900028,4835,0.20875,0,0
0.14644599423429,4836,0.209,0,0
0.1464459984657,4837,0.20925,0,0
0.14644600269704,4838,0.2095,0,0
0.14644600692832,4839,0.20975,0,0
0.14644601115953,4840,0.21,0,0
0.14644601539068,4841,0.21025,0,0
0.14644601962176,4842,0.2105,0,0
0.14644602385276,4843,0.21075,0,0
0.14644602808371,4844,0.211,0,0
0.14644603231458,4845,0.21125,0,0
0.14644603654539,4846,0.2115,0,0
0.14644604077612,4847,0.21175,0,0
0.1464460450068,4848,0.212,0,0
0.1464460492374,4849,0.21225,0,0
0.14644605346793,4850,0.2125,0,0
0.1464460576984,4851,0.21275,0,0
0.1464460619288,4852,0.213,0,0
0.14644606615914,4853,0.21325,0,0
0.1464460703894,4854,0.2135,0,0
0.1464460746196,4855,0.21375,0,0
0.14644607884972,4856,0.214,0,0
0.14644608307979,4857,0.21425,0,0
0.14644608730978,4858,0.2145,0,0
0.1464460915397,4859,0.21475,0,0
0.14644609576956,4860,0.215,0,0
0.14644609999935,4861,0.21525,0,0
0.14644610422907,4862,0.2155,0,0
0.14644610845872,4863,0.21575,0,0
0.1464461126883,4864,0.216,0,0
0.14644611691782,4865,0.21625,0,0
0.14644612114727,4866,0.2165,0,0
0.14644612537665,4867,0.21675,0,0
0.14644612960596,4868,0.217,0,0
0.1464461338352,4869,0.21725,0,0
0.14644613806438,4870,0.2175,0,0
0.14644614229348,4871,0.21775,0,0
0.14644614652252,4872,0.218,0,0
0.14644615075149,4873,0.21825,0,0
0.14644615498039,4874,0.2185,0,0
0.14644615920922,4875,0.21875,0,0
0.14644616343798,4876,0.219,0,0
0.14644616766668,4877,0.21925,0,0
0.1464461718953,4878,0.2195,0,0
0.14644617612386,4879,0.21975,0,0
0.14644618035235,4880,0.22,0,0
0.14644618458077,4881,0.22025,0,0
0.14644618880912,4882,0.2205,0,0
0.1464461930374,4883,0.22075,0,0
0.14644619726561,4884,0.221,0,0
0.14644620149376,4885,0.22125,0,0
0.14644620572183,4886,0.2215,0,0
0.14644620994984,4887,0.22175,0,0
0.14644621417778,4888,0.222,0,0
0.14644621840565,4889,0.22225,0,0
0.14644622263345,4890,0.2225,0,0
0.14644622686118,4891,0.22275,0,0
0.14644623108884,4892,0.223,0,0
0.14644623531643,4893,0.22325,0,0
0.14644623954395,4894,0.2235,0,0
0.14644624377141,4895,0.22375,0,0
0.14644624799879,4896,0.224,0,0
0.14644625222611,4897,0.22425,0,0
0.14644625645335,4898,0.2245,0,0
0.14644626068053,4899,0.22475,0,0
0.14644626490763,4900,0.225,0,0
0.14644626913467,4901,0.22525,0,0
0.14644627336164,4902,0.2255,0,0
0.14644627758854,4903,0.22575,0,0
0.14644628181537,4904,0.226,0,0
0.14644628604213,4905,0.22625,0,0
0.14644629026882,4906,0.2265,0,0
0.14644629449544,4907,0.22675,0,0
0.14644629872199,4908,0.227,0,0
0.14644630294847,4909,0.22725,0,0
0.14644630717488,4910,0.2275,0,0
0.14644631140122,4911,0.22775,0,0
0.1464463156275,4912,0.228,0,0
0.1464463198537,4913,0.22825,0,0
0.14644632407983,4914,0.2285,0,0
0.14644632830589,4915,0.22875,0,0
0.14644633253188,4916,0.229,0,0
0.14644633675781,4917,0.22925,0,0
0.14644634098366,4918,0.2295,0,0
0.14644634520944,4919,0.22975,0,0
0.14644634943515,4920,0.23,0,0
0.1464463536608,4921,0.23025,0,0
0.14644635788637,4922,0.2305,0,0
0.14644636211187,4923,0.23075,0,0
0.1464463663373,4924,0.231,0,0
0.14644637056267,4925,0.23125,0,0
0.14644637478796,4926,0.2315,0,0
0.14644637901318,4927,0.23175,0,0
0.14644638323833,4928,0.232,0,0
0.14644638746341,4929,0.23225,0,0
0.14644639168842,4930,0.2325,0,0
0.14644639591336,4931,0.23275,0,0
0.14644640013823,4932,0.233,0,0
0.14644640436303,4933,0.23325,0,0
0.14644640858776,4934,0.2335,0,0
0.14644641281242,4935,0.23375,0,0
0.146446417037,4936,0.234,0,0
0.14644642126152,4937,0.23425,0,0
0.14644642548597,4938,0.2345,0,0
0.14644642971034,4939,0.23475,0,0
0.14644643393465,4940,0.235,0,0
0.14644643815888,4941,0.23525,0,0
0.14644644238305,4942,0.2355,0,0
0.14644644660714,4943,0.23575,0,0
0.14644645083116,4944,0.236,0,0
0.14644645505511,4945,0.23625,0,0
0.14644645927899,4946,0.2365,0,0
0.1464464635028,4947,0.23675,0,0
0.14644646772654,4948,0.237,0,0
0.14644647195021,4949,0.23725,0,0
0.1464464761738,4950,0.2375,0,0
0.14644648039733,4951,0.23775,0,0
0.14644648462078,4952,0.238,0,0
0.14644648884417,4953,0.23825,0,0
0.14644649306748,4954,0.2385,0,0
0.14644649729072,4955,0.23875,0,0
0.14644650151389,4956,0.239,0,0
0.14644650573699,4957,0.23925,0,0
0.14644650996002,4958,0.2395,0,0
0.14644651418297,4959,0.23975,0,0
0.14644651840586,4960,0.24,0,0
0.14644652262867,4961,0.24025,0,0
0.14644652685141,4962,0.2405,0,0
0.14644653107409,4963,0.24075,0,0
0.14644653529668,4964,0.241,0,0
0.14644653951921,4965,0.24125,0,0
0.14644654374167,4966,0.2415,0,0
0.14644654796405,4967,0.24175,0,0
0.14644655218637,4968,0.242,0,0
0.14644655640861,4969,0.24225,0,0
0.14644656063078,4970,0.2425,0,0
0.14644656485288,4971,0.24275,0,0
0.1464465690749,4972,0.243,0,0
0.14644657329686,4973,0.24325,0,0
0.14644657751874,4974,0.2435,0,0
0.14644658174055,4975,0.24375,0,0
0.14644658596229,4976,0.244,0,0
0.14644659018396,4977,0.24425,0,0
0.14644659440556,4978,0.2445,0,0
0.14644659862708,4979,0.24475,0,0
0.14644660284853,4980,0.245,0,0
0.14644660706991,4981,0.24525,0,0
0.14644661129122,4982,0.2455,0,0
0.14644661551246,4983,0.24575,0,0
0.14644661973362,4984,0.246,0,0
0.14644662395471,4985,0.24625,0,0
0.14644662817573,4986,0.2465,0,0
0.14644663239668,4987,0.24675,0,0
0.14644663661756,4988,0.247,0,0
0.14644664083836,4989,0.24725,0,0
0.14644664505909,4990,0.2475,0,0
0.14644664927975,4991,0.24775,0,0
0.14644665350034,4992,0.248,0,0
0.14644665772085,4993,0.24825,0,0
0.14644666194129,4994,0.2485,0,0
0.14644666616166,4995,0.24875,0,0
0.14644667038196,4996,0.249,0,0
0.14644667460218,4997,0.24925,0,0
0.14644667882234,4998,0.2495,0,0
0.14644668304242,4999,0.24975,0,0
0.14644668726242,5000,0.25,0,0
0.14644669148236,5001,0.25025,0,0
0.14644669570222,5002,0.2505,0,0
0.14644669992201,5003,0.25075,0,0
0.14644670414172,5004,0.251,0,0
0.14644670836137,5005,0.25125,0,0
0.14644671258094,5006,0.2515,0,0
0.14644671680044,5007,0.25175,0,0
0.14644672101986,5008,0.252,0,0
0.14644672523922,5009,0.25225,0,0
0.1464467294585,5010,0.2525,0,0
0.1464467336777,5011,0.25275,0,0
0.14644673789684,5012,0.253,0,0
0.1464467421159,5013,0.25325,0,0
0.14644674633489,5014,0.2535,0,0
0.1464467505538,5015,0.25375,0,0
0.14644675477264,5016,0.254,0,0
0.14644675899141,5017,0.25425,0,0
0.14644676321011,5018,0.2545,0,0
0.14644676742873,5019,0.25475,0,0
0.14644677164728,5020,0.255,0,0
0.14644677586576,5021,0.25525,0,0
0.14644678008416,5022,0.2555,0,0
0.14644678430249,5023,0.25575,0,0
0.14644678852075,5024,0.256,0,0
0.14644679273893,5025,0.25625,0,0
0.14644679695704,5026,0.2565,0,0
0.14644680117508,5027,0.25675,0,0
0.14644680539304,5028,0.257,0,0
0.14644680961093,5029,0.25725,0,0
0.14644681382875,5030,0.2575,0,0
0.14644681804649,5031,0.25775,0,0
0.14644682226416,5032,0.258,0,0
0.14644682648176,5033,0.25825,0,0
0.14644683069928,5034,0.2585,0,0
0.14644683491673,5035,0.25875,0,0
0.1464468391341,5036,0.259,0,0
0.14644684335141,5037,0.25925,0,0
0.14644684756863,5038,0.2595,0,0
0.14644685178579,5039,0.25975,0,0
0.14644685600287,5040,0.26,0,0
0.14644686021988,5041,0.26025,0,0
0.14644686443681,5042,0.2605,0,0
0.14644686865367,5043,0.26075,0,0
0.14644687287045,5044,0.261,0,0
0.14644687708716,5045,0.26125,0,0
0.1464468813038,5046,0.2615,0,0
0.14644688552036,5047,0.26175,0,0
0.14644688973685,5048,0.262,0,0
0.14644689395327,5049,0.26225,0,0
0.14644689816961,5050,0.2625,0,0
0.14644690238588,5051,0.26275,0,0
0.14644690660207,5052,0.263,0,0
0.14644691081819,5053,0.26325,0,0
0.14644691503423,5054,0.2635,0,0
0.14644691925021,5055,0.26375,0,0
0.1464469234661,5056,0.264,0,0
0.14644692768192,5057,0.26425,0,0
0.14644693189767,5058,0.2645,0,0
0.14644693611335,5059,0.26475,0,0
0.14644694032894,5060,0.265,0,0
0.14644694454447,5061,0.26525,0,0
0.14644694875992,5062,0.2655,0,0
0.1464469529753,5063,0.26575,0,0
0.1464469571906,5064,0.266,0,0
0.14644696140582,5065,0.26625,0,0
0.14644696562098,5066,0.2665,0,0
0.14644696983606,5067,0.26675,0,0
0.14644697405106,5068,0.267,0,0
0.14644697826599,5069,0.26725,0,0
0.14644698248084,5070,0.2675,0,0
0.14644698669562,5071,0.26775,0,0
0.14644699091033,5072,0.268,0,0
0.14644699512496,5073,0.26825,0,0
0.14644699933951,5074,0.2685,0,0
0.14644700355399,5075,0.26875,0,0
0.1464470077684,5076,0.269,0,0
0.14644701198273,5077,0.26925,0,0
0.14644701619699,5078,0.2695,0,0
0.14644702041117,5079,0.26975,0,0
0.14644702462527,5080,0.27,0,0
0.14644702883931,5081,0.27025,0,0
0.14644703305326,5082,0.2705,0,0
0.14644703726714,5083,0.27075,0,0
0.14644704148095,5084,0.271,0,0
0.14644704569468,5085,0.27125,0,0
0.14644704990834,5086,0.2715,0,0
0.14644705412192,5087,0.27175,0,0
0.14644705833543,5088,0.272,0,0
0.14644706254886,5089,0.27225,0,0
0.14644706676221,5090,0.2725,0,0
0.14644707097549,5091,0.27275,0,0
0.1464470751887,5092,0.273,0,0
0.14644707940183,5093,0.27325,0,0
0.14644708361488,5094,0.2735,0,0
0.14644708782786,5095,0.27375,0,0
0.14644709204077,5096,0.274,0,0
0.1464470962536,5097,0.27425,0,0
0.14644710046635,5098,0.2745,0,0
0.14644710467903,5099,0.27475,0,0
0.14644710889163,5100,0.275,0,0
0.14644711310416,5101,0.27525,0,0
0.14644711731661,5102,0.2755,0,0
0.14644712152898,5103,0.27575,0,0
0.14644712574128,5104,0.276,0,0
0.14644712995351,5105,0.27625,0,0
0.14644713416566,5106,0.2765,0,0
0.14644713837773,5107,0.27675,0,0
0.14644714258973,5108,0.277,0,0
0.14644714680165,5109,0.27725,0,0
0.14644715101349,5110,0.2775,0,0
0.14644715522526,5111,0.27775,0,0
0.14644715943696,5112,0.278,0,0
0.14644716364858,5113,0.27825,0,0
0.14644716786012,5114,0.2785,0,0
0.14644717207158,5115,0.27875,0,0
0.14644717628298,5116,0.279,0,0
0.14644718049429,5117,0.27925,0,0
0.14644718470553,5118,0.2795,0,0
0.14644718891669,5119,0.27975,0,0
0.14644719312778,5120,0.28,0,0
0.14644719733879,5121,0.28025,0,0
0.14644720154972,5122,0.2805,0,0
0.14644720576058,5123,0.28075,0,0
0.14644720997136,5124,0.281,0,0
0.14644721418207,5125,0.28125,0,0
0.1464472183927,5126,0.2815,0,0
0.14644722260325,5127,0.28175,0,0
0.14644722681373,5128,0.282,0,0
0.14644723102413,5129,0.28225,0,0
0.14644723523446,5130,0.2825,0,0
0.1464472394447,5131,0.28275,0,0
0.14644724365488,5132,0.283,0,0
0.14644724786497,5133,0.28325,0,0
0.14644725207499,5134,0.2835,0,0
0.14644725628493,5135,0.28375,0,0
0.1464472604948,5136,0.284,0,0
0.14644726470459,5137,0.28425,0,0
0.1464472689143,5138,0.2845,0,0
0.14644727312394,5139,0.28475,0,0
0.1464472773335,5140,0.285,0,0
0.14644728154298,5141,0.28525,0,0
0.14644728575239,5142,0.2855,0,0
0.14644728996172,5143,0.28575,0,0
0.14644729417097,5144,0.286,0,0
0.14644729838015,5145,0.28625,0,0
0.14644730258925,5146,0.2865,0,0
0.14644730679827,5147,0.28675,0,0
0.14644731100722,5148,0.287,0,0
0.14644731521609,5149,0.28725,0,0
0.14644731942488,5150,0.2875,0,0
0.1464473236336,5151,0.28775,0,0
0.14644732784224,5152,0.288,0,0
0.1464473320508,5153,0.28825,0,0
0.14644733625928,5154,0.2885,0,0
0.14644734046769,5155,0.28875,0,0
0.14644734467602,5156,0.289,0,0
0.14644734888428,5157,0.28925,0,0
0.14644735309245,5158,0.2895,0,0
0.14644735730055,5159,0.28975,0,0
0.14644736150857,5160,0.29,0,0
0.14644736571652,5161,0.29025,0,0
0.14644736992439,5162,0.2905,0,0
0.14644737413218,5163,0.29075,0,0
0.14644737833989,5164,0.291,0,0
0.14644738254753,5165,0.29125,0,0
0.14644738675509,5166,0.2915,0,0
0.14644739096257,5167,0.29175,0,0
0.14644739516997,5168,0.292,0,0
0.1464473993773,5169,0.29225,0,0
0.14644740358455,5170,0.2925,0,0
0.14644740779172,5171,0.29275,0,0
0.14644741199882,5172,0.293,0,0
0.14644741620583,5173,0.29325,0,0
0.14644742041277,5174,0.2935,0,0
0.14644742461964,5175,0.29375,0,0
0.14644742882642,5176,0.294,0,0
0.14644743303313,5177,0.29425,0,0
0.14644743723976,5178,0.2945,0,0
0.14644744144631,5179,0.29475,0,0
0.14644744565278,5180,0.295,0,0
0.14644744985918,5181,0.29525,0,0
0.1464474540655,5182,0.2955,0,0
0.14644745827174,5183,0.29575,0,0
0.1464474624779,5184,0.296,0,0
0.14644746668399,5185,0.29625,0,0
0.14644747088999,5186,0.2965,0,0
0.14644747509592,5187,0.29675,0,0
0.14644747930178,5188,0.297,0,0
0.14644748350755,5189,0.29725,0,0
0.14644748771325,5190,0.2975,0,0
0.14644749191886,5191,0.29775,0,0
0.1464474961244,5192,0.298,0,0
0.14644750032987,5193,0.29825,0,0
0.14644750453525,5194,0.2985,0,0
0.14644750874056,5195,0.29875,0,0
0.14644751294578,5196,0.299,0,0
0.14644751715093,5197,0.29925,0,0
0.146447521356,5198,0.2995,0,0
0.146447525561,5199,0.29975,0,0
0.14644752976591,5200,0.3,0,0
0.14644753397075,5201,0.30025,0,0
0.14644753817551,5202,0.3005,0,0
0.14644754238019,5203,0.30075,0,0
0.14644754658479,5204,0.301,0,0
0.14644755078932,5205,0.30125,0,0
0.14644755499376,5206,0.3015,0,0
0.14644755919813,5207,0.30175,0,0
0.14644756340242,5208,0.302,0,0
0.14644756760663,5209,0.30225,0,0
0.14644757181076,5210,0.3025,0,0
0.14644757601481,5211,0.30275,0,0
0.14644758021879,5212,0.303,0,0
0.14644758442268,5213,0.30325,0,0
0.1464475886265,5214,0.3035,0,0
0.14644759283024,5215,0.30375,0,0
0.1464475970339,5216,0.304,0,0
0.14644760123748,5217,0.30425,0,0
0.14644760544099,5218,0.3045,0,0
0.14644760964441,5219,0.30475,0,0
0.14644761384776,5220,0.305,0,0
0.14644761805102,5221,0.30525,0,0
0.14644762225421,5222,0.3055,0,0
0.14644762645732,5223,0.30575,0,0
0.14644763066035,5224,0.306,0,0
0.1464476348633,5225,0.30625,0,0
0.14644763906618,5226,0.3065,0,0
0.14644764326897,5227,0.30675,0,0
0.14644764747169,5228,0.307,0,0
0.14644765167432,5229,0.30725,0,0
0.14644765587688,5230,0.3075,0,0
0.14644766007936,5231,0.30775,0,0
0.14644766428176,5232,0.308,0,0
0.14644766848408,5233,0.30825,0,0
0.14644767268632,5234,0.3085,0,0
0.14644767688848,5235,0.30875,0,0
0.14644768109057,5236,0.309,0,0
0.14644768529257,5237,0.30925,0,0
0.14644768949449,5238,0.3095,0,0
0.14644769369634,5239,0.30975,0,0
0.14644769789811,5240,0.31,0,0
0.14644770209979,5241,0.31025,0,0
0.1464477063014,5242,0.3105,0,0
0.14644771050293,5243,0.31075,0,0
0.14644771470438,5244,0.311,0,0
0.14644771890575,5245,0.31125,0,0
0.14644772310704,5246,0.3115,0,0
0.14644772730825,5247,0.31175,0,0
0.14644773150938,5248,0.312,0,0
0.14644773571044,5249,0.31225,0,0
0.14644773991141,5250,0.3125,0,0
0.1464477441123,5251,0.31275,0,0
0.14644774831312,5252,0.313,0,0
0.14644775251385,5253,0.31325,0,0
0.1464477567145,5254,0.3135,0,0
0.14644776091508,5255,0.31375,0,0
0.14644776511558,5256,0.314,0,0
0.14644776931599,5257,0.31425,0,0
0.14644777351633,5258,0.3145,0,0
0.14644777771658,5259,0.31475,0,0
0.14644778191676,5260,0.315,0,0
0.14644778611686,5261,0.31525,0,0
0.14644779031688,5262,0.3155,0,0
0.14644779451681,5263,0.31575,0,0
0.14644779871667,5264,0.316,0,0
0.14644780291645,5265,0.31625,0,0
0.14644780711615,5266,0.3165,0,0
0.14644781131577,5267,0.31675,0,0
0.1464478155153,5268,0.317,0,0
0.14644781971476,5269,0.31725,0,0
0.14644782391414,5270,0.3175,0,0
0.14644782811344,5271,0.31775,0,0
0.14644783231266,5272,0.318,0,0
0.1464478365118,5273,0.31825,0,0
0.14644784071085,5274,0.3185,0,0
0.14644784490983,5275,0.31875,0,0
0.14644784910873,5276,0.319,0,0
0.14644785330755,5277,0.31925,0,0
0.14644785750629,5278,0.3195,0,0
0.14644786170494,5279,0.31975,0,0
0.14644786590352,5280,0.32,0,0
0.14644787010202,5281,0.32025,0,0
0.14644787430044,5282,0.3205,0,0
0.14644787849877,5283,0.32075,0,0
0.14644788269703,5284,0.321,0,0
0.1464478868952,5285,0.32125,0,0
0.1464478910933,5286,0.3215,0,0
0.14644789529132,5287,0.32175,0,0
0.14644789948925,5288,0.322,0,0
0.14644790368711,5289,0.32225,0,0
0.14644790788488,5290,0.3225,0,0
0.14644791208257,5291,0.32275,0,0
0.14644791628019,5292,0.323,0,0
0.14644792047772,5293,0.32325,0,0
0.14644792467517,5294,0.3235,0,0
0.14644792887254,5295,0.32375,0,0
0.14644793306983,5296,0.324,0,0
0.14644793726704,5297,0.32425,0,0
0.14644794146417,5298,0.3245,0,0
0.14644794566122,5299,0.32475,0,0
0.14644794985819,5300,0.325,0,0
0.14644795405508,5301,0.32525,0,0
0.14644795825189,5302,0.3255,0,0
0.14644796244861,5303,0.32575,0,0
0.14644796664526,5304,0.326,0,0
0.14644797084182,5305,0.32625,0,0
0.14644797503831,5306,0.3265,0,0
0.14644797923471,5307,0.32675,0,0
0.14644798343103,5308,0.327,0,0
0.14644798762727,5309,0.32725,0,0
0.14644799182343,5310,0.3275,0,0
0.14644799601951,5311,0.32775,0,0
0.14644800021551,5312,0.328,0,0
0.14644800441143,5313,0.32825,0,0
0.14644800860727,5314,0.3285,0,0
0.14644801280302,5315,0.32875,0,0
0.1464480169987,5316,0.329,0,0
0.14644802119429,5317,0.32925,0,0
0.1464480253898,5318,0.3295,0,0
0.14644802958523,5319,0.32975,0,0
0.14644803378058,5320,0.33,0,0
0.14644803797585,5321,0.33025,0,0
0.14644804217104,5322,0.3305,0,0
0.14644804636614,5323,0.33075,0,0
0.14644805056117,5324,0.331,0,0
0.14644805475611,5325,0.33125,0,0
0.14644805895098,5326,0.3315,0,0
0.14644806314576,5327,0.33175,0,0
0.14644806734046,5328,0.332,0,0
0.14644807153507,5329,0.33225,0,0
0.14644807572961,5330,0.3325,0,0
0.14644807992407,5331,0.33275,0,0
0.14644808411844,5332,0.333,0,0
0.14644808831273,5333,0.33325,0,0
0.14644809250695,5334,0.3335,0,0
0.14644809670108,5335,0.33375,0,0
0.14644810089512,5336,0.334,0,0
0.14644810508909,5337,0.33425,0,0
0.14644810928298,5338,0.3345,0,0
0.14644811347678,5339,0.33475,0,0
0.1464481176705,5340,0.335,0,0
0.14644812186414,5341,0.33525,0,0
0.1464481260577,5342,0.3355,0,0
0.14644813025118,5343,0.33575,0,0
0.14644813444457,5344,0.336,0,0
0.14644813863789,5345,0.33625,0,0
0.14644814283112,5346,0.3365,0,0
0.14644814702427,5347,0.33675,0,0
0.14644815121734,5348,0.337,0,0
0.14644815541032,5349,0.33725,0,0
0.14644815960323,5350,0.3375,0,0
0.14644816379605,5351,0.33775,0,0
0.14644816798879,5352,0.338,0,0
0.14644817218145,5353,0.33825,0,0
0.14644817637403,5354,0.3385,0,0
0.14644818056652,5355,0.33875,0,0
0.14644818475894,5356,0.339,0,0
0.14644818895127,5357,0.33925,0,0
0.14644819314352,5358,0.3395,0,0
0.14644819733568,5359,0.33975,0,0
0.14644820152777,5360,0.34,0,0
0.14644820571977,5361,0.34025,0,0
0.14644820991169,5362,0.3405,0,0
0.14644821410353,5363,0.34075,0,0
0.14644821829529,5364,0.341,0,0
0.14644822248696,5365,0.34125,0,0
0.14644822667855,5366,0.3415,0,0
0.14644823087006,5367,0.34175,0,0
0.14644823506149,5368,0.342,0,0
0.14644823925284,5369,0.34225,0,0
0.1464482434441,5370,0.3425,0,0
0.14644824763528,5371,0.34275,0,0
0.14644825182638,5372,0.343,0,0
0.1464482560174,5373,0.34325,0,0
0.14644826020833,5374,0.3435,0,0
0.14644826439918,5375,0.34375,0,0
0.14644826858995,5376,0.344,0,0
0.14644827278064,5377,0.34425,0,0
0.14644827697124,5378,0.3445,0,0
0.14644828116176,5379,0.34475,0,0
0.1464482853522,5380,0.345,0,0
0.14644828954256,5381,0.34525,0,0
0.14644829373283,5382,0.3455,0,0
0.14644829792302,5383,0.34575,0,0
0.14644830211313,5384,0.346,0,0
0.14644830630316,5385,0.34625,0,0
0.1464483104931,5386,0.3465,0,0
0.14644831468296,5387,0.34675,0,0
0.14644831887274,5388,0.347,0,0
0.14644832306244,5389,0.34725,0,0
0.14644832725205,5390,0.3475,0,0
0.14644833144158,5391,0.34775,0,0
0.14644833563103,5392,0.348,0,0
0.14644833982039,5393,0.34825,0,0
0.14644834400967,5394,0.3485,0,0
0.14644834819887,5395,0.34875,0,0
0.14644835238799,5396,0.349,0,0
0.14644835657702,5397,0.34925,0,0
0.14644836076597,5398,0.3495,0,0
0.14644836495484,5399,0.34975,0,0
0.14644836914362,5400,0.35,0,0
0.14644837333232,5401,0.35025,0,0
0.14644837752094,5402,0.3505,0,0
0.14644838170948,5403,0.35075,0,0
0.14644838589793,5404,0.351,0,0
0.1464483900863,5405,0.35125,0,0
0.14644839427458,5406,0.3515,0,0
0.14644839846279,5407,0.35175,0,0
0.14644840265091,5408,0.352,0,0
0.14644840683894,5409,0.35225,0,0
0.1464484110269,5410,0.3525,0,0
0.14644841521477,5411,0.35275,0,0
0.14644841940255,5412,0.353,0,0
0.14644842359026,5413,0.35325,0,0
0.14644842777788,5414,0.3535,0,0
0.14644843196542,5415,0.35375,0,0
0.14644843615287,5416,0.354,0,0
0.14644844034024,5417,0.35425,0,0
0.14644844452753,5418,0.3545,0,0
0.14644844871473,5419,0.35475,0,0
0.14644845290185,5420,0.355,0,0
0.14644845708889,5421,0.35525,0,0
0.14644846127585,5422,0.3555,0,0
0.14644846546272,5423,0.35575,0,0
0.1464484696495,5424,0.356,0,0
0.14644847383621,5425,0.35625,0,0
0.14644847802283,5426,0.3565,0,0
0.14644848220937,5427,0.35675,0,0
0.14644848639582,5428,0.357,0,0
0.14644849058219,5429,0.35725,0,0
0.14644849476847,5430,0.3575,0,0
0.14644849895468,5431,0.35775,0,0
0.1464485031408,5432,0.358,0,0
0.14644850732683,5433,0.35825,0,0
0.14644851151278,5434,0.3585,0,0
0.14644851569865,5435,0.35875,0,0
0.14644851988443,5436,0.359,0,0
0.14644852407013,5437,0.35925,0,0
0.14644852825575,5438,0.3595,0,0
0.14644853244128,5439,0.35975,0,0
0.14644853662673,5440,0.36,0,0
0.1464485408121,5441,0.36025,0,0
0.14644854499738,5442,0.3605,0,0
0.14644854918258,5443,0.36075,0,0
0.14644855336769,5444,0.361,0,0
0.14644855755272,5445,0.36125,0,0
0.14644856173767,5446,0.3615,0,0
0.14644856592253,5447,0.36175,0,0
0.14644857010731,5448,0.362,0,0
0.146448574292,5449,0.36225,0,0
0.14644857847661,5450,0.3625,0,0
0.14644858266114,5451,0.36275,0,0
0.14644858684558,5452,0.363,0,0
0.14644859102994,5453,0.36325,0,0
0.14644859521421,5454,0.3635,0,0
0.1464485993984,5455,0.36375,0,0
0.14644860358251,5456,0.364,0,0
0.14644860776653,5457,0.36425,0,0
0.14644861195046,5458,0.3645,0,0
0.14644861613432,5459,0.36475,0,0
0.14644862031809,5460,0.365,0,0
0.14644862450177,5461,0.36525,0,0
0.14644862868537,5462,0.3655,0,0
0.14644863286889,5463,0.36575,0,0
0.14644863705232,5464,0.366,0,0
0.14644864123567,5465,0.36625,0,0
0.14644864541893,5466,0.3665,0,0
0.14644864960211,5467,0.36675,0,0
0.14644865378521,5468,0.367,0,0
0.14644865796822,5469,0.36725,0,0
0.14644866215114,5470,0.3675,0,0
0.14644866633398,5471,0.36775,0,0
0.14644867051674,5472,0.368,0,0
0.14644867469941,5473,0.36825,0,0
0.146448678882,5474,0.3685,0,0
0.1464486830645,5475,0.36875,0,0
0.14644868724692,5476,0.369,0,0
0.14644869142926,5477,0.36925,0,0
0.14644869561151,5478,0.3695,0,0
0.14644869979367,5479,0.36975,0,0
0.14644870397575,5480,0.37,0,0
0.14644870815775,5481,0.37025,0,0
0.14644871233966,5482,0.3705,0,0
0.14644871652149,5483,0.37075,0,0
0.14644872070323,5484,0.371,0,0
0.14644872488489,5485,0.37125,0,0
0.14644872906646,5486,0.3715,0,0
0.14644873324795,5487,0.37175,0,0
0.14644873742935,5488,0.372,0,0
0.14644874161067,5489,0.37225,0,0
0.14644874579191,5490,0.3725,0,0
0.14644874997305,5491,0.37275,0,0
0.14644875415412,5492,0.373,0,0
0.1464487583351,5493,0.37325,0,0
0.14644876251599,5494,0.3735,0,0
0.1464487666968,5495,0.37375,0,0
0.14644877087753,5496,0.374,0,0
0.14644877505817,5497,0.37425,0,0
0.14644877923872,5498,0.3745,0,0
0.14644878341919,5499,0.37475,0,0
0.14644878759958,5500,0.375,0,0
0.14644879177988,5501,0.37525,0,0
0.14644879596009,5502,0.3755,0,0
0.14644880014022,5503,0.37575,0,0
0.14644880432026,5504,0.376,0,0
0.14644880850022,5505,0.37625,0,0
0.1464488126801,5506,0.3765,0,0
0.14644881685989,5507,0.37675,0,0
0.14644882103959,5508,0.377,0,0
0.14644882521921,5509,0.37725,0,0
0.14644882939874,5510,0.3775,0,0
0.14644883357819,5511,0.37775,0,0
0.14644883775756,5512,0.378,0,0
0.14644884193683,5513,0.37825,0,0
0.14644884611603,5514,0.3785,0,0
0.14644885029514,5515,0.37875,0,0
0.14644885447416,5516,0.379,0,0
0.14644885865309,5517,0.37925,0,0
0.14644886283195,5518,0.3795,0,0
0.14644886701071,5519,0.37975,0,0
0.14644887118939,5520,0.38,0,0
0.14644887536799,5521,0.38025,0,0
0.1464488795465,5522,0.3805,0,0
0.14644888372492,5523,0.38075,0,0
0.14644888790326,5524,0.381,0,0
0.14644889208152,5525,0.38125,0,0
0.14644889625969,5526,0.3815,0,0
0.14644890043777,5527,0.38175,0,0
0.14644890461577,5528,0.382,0,0
0.14644890879368,5529,0.38225,0,0
0.1464489129715,5530,0.3825,0,0
0.14644891714924,5531,0.38275,0,0
0.1464489213269,5532,0.383,0,0
0.14644892550447,5533,0.38325,0,0
0.14644892968195,5534,0.3835,0,0
0.14644893385935,5535,0.38375,0,0
0.14644893803666,5536,0.384,0,0
0.14644894221389,5537,0.38425,0,0
0.14644894639103,5538,0.3845,0,0
0.14644895056809,5539,0.38475,0,0
0.14644895474506,5540,0.385,0,0
0.14644895892194,5541,0.38525,0,0
0.14644896309874,5542,0.3855,0,0
0.14644896727545,5543,0.38575,0,0
0.14644897145208,5544,0.386,0,0
0.14644897562862,5545,0.38625,0,0
0.14644897980507,5546,0.3865,0,0
0.14644898398144,5547,0.38675,0,0
0.14644898815772,5548,0.387,0,0
0.14644899233392,5549,0.38725,0,0
0.14644899651003,5550,0.3875,0,0
0.14644900068606,5551,0.38775,0,0
0.146449004862,5552,0.388,0,0
0.14644900903785,5553,0.38825,0,0
0.14644901321362,5554,0.3885,0,0
0.1464490173893,5555,0.38875,0,0
0.14644902156489,5556,0.389,0,0
0.1464490257404,5557,0.38925,0,0
0.14644902991582,5558,0.3895,0,0
0.14644903409116,5559,0.38975,0,0
0.14644903826641,5560,0.39,0,0
0.14644904244158,5561,0.39025,0,0
0.14644904661665,5562,0.3905,0,0
0.14644905079165,5563,0.39075,0,0
0.14644905496655,5564,0.391,0,0
0.14644905914137,5565,0.39125,0,0
0.14644906331611,5566,0.3915,0,0
0.14644906749075,5567,0.39175,0,0
0.14644907166532,5568,0.392,0,0
0.14644907583979,5569,0.39225,0,0
0.14644908001418,5570,0.3925,0,0
0.14644908418848,5571,0.39275,0,0
0.1464490883627,5572,0.393,0,0
0.14644909253683,5573,0.39325,0,0
0.14644909671087,5574,0.3935,0,0
0.14644910088483,5575,0.39375,0,0
0.1464491050587,5576,0.394,0,0
0.14644910923248,5577,0.39425,0,0
0.14644911340618,5578,0.3945,0,0
0.14644911757979,5579,0.39475,0,0
0.14644912175332,5580,0.395,0,0
0.14644912592675,5581,0.39525,0,0
0.14644913010011,5582,0.3955,0,0
0.14644913427337,5583,0.39575,0,0
0.14644913844655,5584,0.396,0,0
0.14644914261964,5585,0.39625,0,0
0.14644914679265,5586,0.3965,0,0
0.14644915096557,5587,0.39675,0,0
0.1464491551384,5588,0.397,0,0
0.14644915931114,5589,0.39725,0,0
0.1464491634838,5590,0.3975,0,0
0.14644916765638,5591,0.39775,0,0
0.14644917182886,5592,0.398,0,0
0.14644917600126,5593,0.39825,0,0
0.14644918017357,5594,0.3985,0,0
0.1464491843458,5595,0.39875,0,0
0.14644918851794,5596,0.399,0,0
0.14644919268999,5597,0.39925,0,0
0.14644919686196,5598,0.3995,0,0
0.14644920103383,5599,0.39975,0,0
0.14644920520563,5600,0.4,0,0
0.14644920937733,5601,0.40025,0,0
0.14644921354895,5602,0.4005,0,0
0.14644921772048,5603,0.40075,0,0
0.14644922189192,5604,0.401,0,0
0.14644922606328,5605,0.40125,0,0
0.14644923023455,5606,0.4015,0,0
0.14644923440573,5607,0.40175,0,0
0.14644923857683,5608,0.402,0,0
0.14644924274784,5609,0.40225,0,0
0.14644924691876,5610,0.4025,0,0
0.1464492510896,5611,0.40275,0,0
0.14644925526035,5612,0.403,0,0
0.14644925943101,5613,0.40325,0,0
0.14644926360158,5614,0.4035,0,0
0.14644926777207,5615,0.40375,0,0
0.14644927194247,5616,0.404,0,0
0.14644927611278,5617,0.40425,0,0
0.14644928028301,5618,0.4045,0,0
0.14644928445315,5619,0.40475,0,0
0.1464492886232,5620,0.405,0,0
0.14644929279317,5621,0.40525,0,0
0.14644929696304,5622,0.4055,0,0
0.14644930113283,5623,0.40575,0,0
0.14644930530254,5624,0.406,0,0
0.14644930947215,5625,0.40625,0,0
0.14644931364168,5626,0.4065,0,0
0.14644931781112,5627,0.40675,0,0
0.14644932198048,5628,0.407,0,0
0.14644932614974,5629,0.40725,0,0
0.14644933031892,5630,0.4075,0,0
0.14644933448801,5631,0.40775,0,0
0.14644933865702,5632,0.408,0,0
0.14644934282594,5633,0.40825,0,0
0.14644934699476,5634,0.4085,0,0
0.14644935116351,5635,0.40875,0,0
0.14644935533216,5636,0.409,0,0
0.14644935950073,5637,0.40925,0,0
0.14644936366921,5638,0.4095,0,0
0.1464493678376,5639,0.40975,0,0
0.14644937200591,5640,0.41,0,0
0.14644937617413,5641,0.41025,0,0
0.14644938034226,5642,0.4105,0,0
0.1464493845103,5643,0.41075,0,0
0.14644938867825,5644,0.411,0,0
0.14644939284612,5645,0.41125,0,0
0.1464493970139,5646,0.4115,0,0
0.14644940118159,5647,0.41175,0,0
0.1464494053492,5648,0.412,0,0
0.14644940951671,5649,0.41225,0,0
0.14644941368414,5650,0.4125,0,0
0.14644941785148,5651,0.41275,0,0
0.14644942201874,5652,0.413,0,0
0.1464494261859,5653,0.41325,0,0
0.14644943035298,5654,0.4135,0,0
0.14644943451997,5655,0.41375,0,0
0.14644943868688,5656,0.414,0,0
0.14644944285369,5657,0.41425,0,0
0.14644944702042,5658,0.4145,0,0
0.14644945118706,5659,0.41475,0,0
0.14644945535361,5660,0.415,0,0
0.14644945952008,5661,0.41525,0,0
0.14644946368645,5662,0.4155,0,0
0.14644946785274,5663,0.41575,0,0
0.14644947201894,5664,0.416,0,0
0.14644947618505,5665,0.41625,0,0
0.14644948035108,5666,0.4165,0,0
0.14644948451701,5667,0.41675,0,0
0.14644948868286,5668,0.417,0,0
0.14644949284862,5669,0.41725,0,0
0.1464494970143,5670,0.4175,0,0
0.14644950117988,5671,0.41775,0,0
0.14644950534538,5672,0.418,0,0
0.14644950951079,5673,0.41825,0,0
0.14644951367611,5674,0.4185,0,0
0.14644951784134,5675,0.41875,0,0
0.14644952200649,5676,0.419,0,0
0.14644952617154,5677,0.41925,0,0
0.14644953033651,5678,0.4195,0,0
0.14644953450139,5679,0.41975,0,0
0.14644953866618,5680,0.42,0,0
0.14644954283089,5681,0.42025,0,0
0.1464495469955,5682,0.4205,0,0
0.14644955116003,5683,0.42075,0,0
0.14644955532447,5684,0.421,0,0
0.14644955948882,5685,0.42125,0,0
0.14644956365309,5686,0.4215,0,0
0.14644956781726,5687,0.42175,0,0
0.14644957198135,5688,0.422,0,0
0.14644957614535,5689,0.42225,0,0
0.14644958030926,5690,0.4225,0,0
0.14644958447308,5691,0.42275,0,0
0.14644958863681,5692,0.423,0,0
0.14644959280046,5693,0.42325,0,0
0.14644959696401,5694,0.4235,0,0
0.14644960112748,5695,0.42375,0,0
0.14644960529086,5696,0.424,0,0
0.14644960945416,5697,0.42425,0,0
0.14644961361736,5698,0.4245,0,0
0.14644961778047,5699,0.42475,0,0
0.1464496219435,5700,0.425,0,0
0.14644962610644,5701,0.42525,0,0
0.14644963026929,5702,0.4255,0,0
0.14644963443205,5703,0.42575,0,0
0.14644963859472,5704,0.426,0,0
0.14644964275731,5705,0.42625,0,0
0.1464496469198,5706,0.4265,0,0
0.14644965108221,5707,0.42675,0,0
0.14644965524453,5708,0.427,0,0
0.14644965940676,5709,0.42725,0,0
0.1464496635689,5710,0.4275,0,0
0.14644966773095,5711,0.42775,0,0
0.14644967189292,5712,0.428,0,0
0.14644967605479,5713,0.42825,0,0
0.14644968021658,5714,0.4285,0,0
0.14644968437828,5715,0.42875,0,0
0.14644968853989,5716,0.429,0,0
0.14644969270141,5717,0.42925,0,0
0.14644969686284,5718,0.4295,0,0
0.14644970102418,5719,0.42975,0,0
0.14644970518544,5720,0.43,0,0
0.1464497093466,5721,0.43025,0,0
0.14644971350768,5722,0.4305,0,0
0.14644971766867,5723,0.43075,0,0
0.14644972182957,5724,0.431,0,0
0.14644972599038,5725,0.43125,0,0
0.1464497301511,5726,0.4315,0,0
0.14644973431173,5727,0.43175,0,0
0.14644973847228,5728,0.432,0,0
0.14644974263273,5729,0.43225,0,0
0.1464497467931,5730,0.4325,0,0
0.14644975095338,5731,0.43275,0,0
0.14644975511357,5732,0.433,0,0
0.14644975927367,5733,0.43325,0,0
0.14644976343368,5734,0.4335,0,0
0.1464497675936,5735,0.43375,0,0
0.14644977175343,5736,0.434,0,0
0.14644977591318,5737,0.43425,0,0
0.14644978007283,5738,0.4345,0,0
0.1464497842324,5739,0.43475,0,0
0.14644978839187,5740,0.435,0,0
0.14644979255126,5741,0.43525,0,0
0.14644979671056,5742,0.4355,0,0
0.14644980086977,5743,0.43575,0,0
0.14644980502889,5744,0.436,0,0
0.14644980918792,5745,0.43625,0,0
0.14644981334687,5746,0.4365,0,0
0.14644981750572,5747,0.43675,0,0
0.14644982166448,5748,0.437,0,0
0.14644982582316,5749,0.43725,0,0
0.14644982998174,5750,0.4375,0,0
0.14644983414024,5751,0.43775,0,0
0.14644983829865,5752,0.438,0,0
0.14644984245697,5753,0.43825,0,0
0.1464498466152,5754,0.4385,0,0
0.14644985077334,5755,0.43875,0,0
0.14644985493139,5756,0.439,0,0
0.14644985908935,5757,0.43925,0,0
0.14644986324722,5758,0.4395,0,0
0.146449867405,5759,0.43975,0,0
0.1464498715627,5760,0.44,0,0
0.1464498757203,5761,0.44025,0,0
0.14644987987782,5762,0.4405,0,0
0.14644988403524,5763,0.44075,0,0
0.14644988819258,5764,0.441,0,0
0.14644989234983,5765,0.44125,0,0
0.14644989650698,5766,0.4415,0,0
0.14644990066405,5767,0.44175,0,0
0.14644990482103,5768,0.442,0,0
0.14644990897792,5769,0.44225,0,0
0.14644991313472,5770,0.4425,0,0
0.14644991729143,5771,0.44275,0,0
0.14644992144805,5772,0.443,0,0
0.14644992560458,5773,0.44325,0,0
0.14644992976102,5774,0.4435,0,0
0.14644993391738,5775,0.44375,0,0
0.14644993807364,5776,0.444,0,0
0.14644994222981,5777,0.44425,0,0
0.1464499463859,5778,0.4445,0,0
0.14644995054189,5779,0.44475,0,0
0.14644995469779,5780,0.445,0,0
0.14644995885361,5781,0.44525,0,0
0.14644996300933,5782,0.4455,0,0
0.14644996716497,5783,0.44575,0,0
0.14644997132052,5784,0.446,0,0
0.14644997547597,5785,0.44625,0,0
0.14644997963134,5786,0.4465,0,0
0.14644998378662,5787,0.44675,0,0
0.1464499879418,5788,0.447,0,0
0.1464499920969,5789,0.44725,0,0
0.14644999625191,5790,0.4475,0,0
0.14645000040683,5791,0.44775,0,0
0.14645000456166,5792,0.448,0,0
0.1464500087164,5793,0.44825,0,0
0.14645001287105,5794,0.4485,0,0
0.14645001702561,5795,0.44875,0,0
0.14645002118007,5796,0.449,0,0
0.14645002533445,5797,0.44925,0,0
0.14645002948874,5798,0.4495,0,0
0.14645003364294,5799,0.44975,0,0
0.14645003779705,5800,0.45,0,0
0.14645004195108,5801,0.45025,0,0
0.14645004610501,5802,0.4505,0,0
0.14645005025885,5803,0.45075,0,0
0.1464500544126,5804,0.451,0,0
0.14645005856626,5805,0.45125,0,0
0.14645006271983,5806,0.4515,0,0
0.14645006687331,5807,0.45175,0,0
0.1464500710267,5808,0.452,0,0
0.14645007518,5809,0.45225,0,0
0.14645007933321,5810,0.4525,0,0
0.14645008348633,5811,0.45275,0,0
0.14645008763937,5812,0.453,0,0
0.14645009179231,5813,0.45325,0,0
0.14645009594516,5814,0.4535,0,0
0.14645010009792,5815,0.45375,0,0
0.14645010425059,5816,0.454,0,0
0.14645010840317,5817,0.45425,0,0
0.14645011255566,5818,0.4545,0,0
0.14645011670806,5819,0.45475,0,0
0.14645012086037,5820,0.455,0,0
0.14645012501259,5821,0.45525,0,0
0.14645012916472,5822,0.4555,0,0
0.14645013331677,5823,0.45575,0,0
0.14645013746872,5824,0.456,0,0
0.14645014162058,5825,0.45625,0,0
0.14645014577235,5826,0.4565,0,0
0.14645014992403,5827,0.45675,0,0
0.14645015407561,5828,0.457,0,0
0.14645015822711,5829,0.45725,0,0
0.14645016237852,5830,0.4575,0,0
0.14645016652984,5831,0.45775,0,0
0.14645017068107,5832,0.458,0,0
0.14645017483221,5833,0.45825,0,0
0.14645017898326,5834,0.4585,0,0
0.14645018313421,5835,0.45875,0,0
0.14645018728508,5836,0.459,0,0
0.14645019143586,5837,0.45925,0,0
0.14645019558655,5838,0.4595,0,0
0.14645019973714,5839,0.45975,0,0
0.14645020388765,5840,0.46,0,0
0.14645020803806,5841,0.46025,0,0
0.14645021218839,5842,0.4605,0,0
0.14645021633862,5843,0.46075,0,0
0.14645022048877,5844,0.461,0,0
0.14645022463882,5845,0.46125,0,0
0.14645022878879,5846,0.4615,0,0
0.14645023293866,5847,0.46175,0,0
0.14645023708844,5848,0.462,0,0
0.14645024123814,5849,0.46225,0,0
0.14645024538774,5850,0.4625,0,0
0.14645024953725,5851,0.46275,0,0
0.14645025368667,5852,0.463,0,0
0.146450257836,5853,0.46325,0,0
0.14645026198524,5854,0.4635,0,0
0.14645026613439,5855,0.46375,0,0
0.14645027028345,5856,0.464,0,0
0.14645027443242,5857,0.46425,0,0
0.1464502785813,5858,0.4645,0,0
0.14645028273008,5859,0.46475,0,0
0.14645028687878,5860,0.465,0,0
0.14645029102738,5861,0.46525,0,0
0.1464502951759,5862,0.4655,0,0
0.14645029932433,5863,0.46575,0,0
0.14645030347266,5864,0.466,0,0
0.1464503076209,5865,0.46625,0,0
0.14645031176906,5866,0.4665,0,0
0.14645031591712,5867,0.46675,0,0
0.14645032006509,5868,0.467,0,0
0.14645032421297,5869,0.46725,0,0
0.14645032836076,5870,0.4675,0,0
0.14645033250846,5871,0.46775,0,0
0.14645033665607,5872,0.468,0,0
0.14645034080359,5873,0.46825,0,0
0.14645034495101,5874,0.4685,0,0
0.14645034909835,5875,0.46875,0,0
0.14645035324559,5876,0.469,0,0
0.14645035739275,5877,0.46925,0,0
0.14645036153981,5878,0.4695,0,0
0.14645036568679,5879,0.46975,0,0
0.14645036983367,5880,0.47,0,0
0.14645037398046,5881,0.47025,0,0
0.14645037812716,5882,0.4705,0,0
0.14645038227377,5883,0.47075,0,0
0.14645038642029,5884,0.471,0,0
0.14645039056672,5885,0.47125,0,0
0.14645039471306,5886,0.4715,0,0
0.1464503988593,5887,0.47175,0,0
0.14645040300546,5888,0.472,0,0
0.14645040715152,5889,0.47225,0,0
0.1464504112975,5890,0.4725,0,0
0.14645041544338,5891,0.47275,0,0
0.14645041958917,5892,0.473,0,0
0.14645042373487,5893,0.47325,0,0
0.14645042788048,5894,0.4735,0,0
0.146450432026,5895,0.47375,0,0
0.14645043617143,5896,0.474,0,0
0.14645044031676,5897,0.47425,0,0
0.14645044446201,5898,0.4745,0,0
0.14645044860716,5899,0.47475,0,0
0.14645045275223,5900,0.475,0,0
0.1464504568972,5901,0.47525,0,0
0.14645046104208,5902,0.4755,0,0
0.14645046518687,5903,0.47575,0,0
0.14645046933157,5904,0.476,0,0
0.14645047347618,5905,0.47625,0,0
0.1464504776207,5906,0.4765,0,0
0.14645048176512,5907,0.47675,0,0
0.14645048590946,5908,0.477,0,0
0.1464504900537,5909,0.47725,0,0
0.14645049419785,5910,0.4775,0,0
0.14645049834191,5911,0.47775,0,0
0.14645050248588,5912,0.478,0,0
0.14645050662976,5913,0.47825,0,0
0.14645051077355,5914,0.4785,0,0
0.14645051491725,5915,0.47875,0,0
0.14645051906085,5916,0.479,0,0
0.14645052320437,5917,0.47925,0,0
0.14645052734779,5918,0.4795,0,0
0.14645053149112,5919,0.47975,0,0
0.14645053563436,5920,0.48,0,0
0.14645053977751,5921,0.48025,0,0
0.14645054392057,5922,0.4805,0,0
0.14645054806354,5923,0.48075,0,0
0.14645055220641,5924,0.481,0,0
0.14645055634919,5925,0.48125,0,0
0.14645056049189,5926,0.4815,0,0
0.14645056463449,5927,0.48175,0,0
0.146450568777,5928,0.482,0,0
0.14645057291942,5929,0.48225,0,0
0.14645057706174,5930,0.4825,0,0
0.14645058120398,5931,0.48275,0,0
0.14645058534612,5932,0.483,0,0
0.14645058948818,5933,0.48325,0,0
0.14645059363014,5934,0.4835,0,0
0.14645059777201,5935,0.48375,0,0
0.14645060191379,5936,0.484,0,0
0.14645060605547,5937,0.48425,0,0
0.14645061019707,5938,0.4845,0,0
0.14645061433857,5939,0.48475,0,0
0.14645061847999,5940,0.485,0,0
0.14645062262131,5941,0.48525,0,0
0.14645062676254,5942,0.4855,0,0
0.14645063090368,5943,0.48575,0,0
0.14645063504472,5944,0.486,0,0
0.14645063918568,5945,0.48625,0,0
0.14645064332654,5946,0.4865,0,0
0.14645064746732,5947,0.48675,0,0
0.146450651608,5948,0.487,0,0
0.14645065574859,5949,0.48725,0,0
0.14645065988908,5950,0.4875,0,0
0.14645066402949,5951,0.48775,0,0
0.1464506681698,5952,0.488,0,0
0.14645067231003,5953,0.48825,0,0
0.14645067645016,5954,0.4885,0,0
0.1464506805902,5955,0.48875,0,0
0.14645068473015,5956,0.489,0,0
0.14645068887,5957,0.48925,0,0
0.14645069300977,5958,0.4895,0,0
0.14645069714944,5959,0.48975,0,0
0.14645070128902,5960,0.49,0,0
0.14645070542851,5961,0.49025,0,0
0.14645070956791,5962,0.4905,0,0
0.14645071370721,5963,0.49075,0,0
0.14645071784643,5964,0.491,0,0
0.14645072198555,5965,0.49125,0,0
0.14645072612458,5966,0.4915,0,0
0.14645073026352,5967,0.49175,0,0
0.14645073440237,5968,0.492,0,0
0.14645073854113,5969,0.49225,0,0
0.14645074267979,5970,0.4925,0,0
0.14645074681836,5971,0.49275,0,0
0.14645075095684,5972,0.493,0,0
0.14645075509523,5973,0.49325,0,0
0.14645075923353,5974,0.4935,0,0
0.14645076337173,5975,0.49375,0,0
0.14645076750985,5976,0.494,0,0
0.14645077164787,5977,0.49425,0,0
0.1464507757858,5978,0.4945,0,0
0.14645077992364,5979,0.49475,0,0
0.14645078406138,5980,0.495,0,0
0.14645078819904,5981,0.49525,0,0
0.1464507923366,5982,0.4955,0,0
0.14645079647407,5983,0.49575,0,0
0.14645080061145,5984,0.496,0,0
0.14645080474873,5985,0.49625,0,0
0.14645080888593,5986,0.4965,0,0
0.14645081302303,5987,0.49675,0,0
0.14645081716004,5988,0.497,0,0
0.14645082129696,5989,0.49725,0,0
0.14645082543378,5990,0.4975,0,0
0.14645082957052,5991,0.49775,0,0
0.14645083370716,5992,0.498,0,0
0.14645083784371,5993,0.49825,0,0
0.14645084198017,5994,0.4985,0,0
0.14645084611654,5995,0.49875,0,0
0.14645085025281,5996,0.499,0,0
0.146450854389,5997,0.49925,0,0
0.14645085852509,5998,0.4995,0,0
0.14645086266109,5999,0.49975,0,0
0.14645086679699,6000,0.5,0,0
0.14645087093281,6001,0.50025,0,0
0.14645087506853,6002,0.5005,0,0
0.14645087920416,6003,0.50075,0,0
0.1464508833397,6004,0.501,0,0
0.14645088747514,6005,0.50125,0,0
0.1464508916105,6006,0.5015,0,0
0.14645089574576,6007,0.50175,0,0
0.14645089988093,6008,0.502,0,0
0.14645090401601,6009,0.50225,0,0
0.14645090815099,6010,0.5025,0,0
0.14645091228589,6011,0.50275,0,0
0.14645091642069,6012,0.503,0,0
0.1464509205554,6013,0.50325,0,0
0.14645092469001,6014,0.5035,0,0
0.14645092882454,6015,0.50375,0,0
0.14645093295897,6016,0.504,0,0
0.14645093709331,6017,0.50425,0,0
0.14645094122756,6018,0.5045,0,0
0.14645094536171,6019,0.50475,0,0
0.14645094949578,6020,0.505,0,0
0.14645095362975,6021,0.50525,0,0
0.14645095776363,6022,0.5055,0,0
0.14645096189742,6023,0.50575,0,0
0.14645096603111,6024,0.506,0,0
0.14645097016471,6025,0.50625,0,0
0.14645097429822,6026,0.5065,0,0
0.14645097843164,6027,0.50675,0,0
0.14645098256497,6028,0.507,0,0
0.1464509866982,6029,0.50725,0,0
0.14645099083134,6030,0.5075,0,0
0.14645099496439,6031,0.50775,0,0
0.14645099909734,6032,0.508,0,0
0.14645100323021,6033,0.50825,0,0
0.14645100736298,6034,0.5085,0,0
0.14645101149566,6035,0.50875,0,0
0.14645101562825,6036,0.509,0,0
0.14645101976074,6037,0.50925,0,0
0.14645102389314,6038,0.5095,0,0
0.14645102802545,6039,0.50975,0,0
0.14645103215767,6040,0.51,0,0
0.14645103628979,6041,0.51025,0,0
0.14645104042183,6042,0.5105,0,0
0.14645104455377,6043,0.51075,0,0
0.14645104868561,6044,0.511,0,0
0.14645105281737,6045,0.51125,0,0
0.14645105694903,6046,0.5115,0,0
0.1464510610806,6047,0.51175,0,0
0.14645106521208,6048,0.512,0,0
0.14645106934347,6049,0.51225,0,0
0.14645107347476,6050,0.5125,0,0
0.14645107760596,6051,0.51275,0,0
0.14645108173707,6052,0.513,0,0
0.14645108586808,6053,0.51325,0,0
0.146451089999,6054,0.5135,0,0
0.14645109412983,6055,0.51375,0,0
0.14645109826057,6056,0.514,0,0
0.14645110239122,6057,0.51425,0,0
0.14645110652177,6058,0.5145,0,0
0.14645111065223,6059,0.51475,0,0
0.1464511147826,6060,0.515,0,0
0.14645111891287,6061,0.51525,0,0
0.14645112304306,6062,0.5155,0,0
0.14645112717315,6063,0.51575,0,0
0.14645113130314,6064,0.516,0,0
0.14645113543305,6065,0.51625,0,0
0.14645113956286,6066,0.5165,0,0
0.14645114369258,6067,0.51675,0,0
0.14645114782221,6068,0.517,0,0
0.14645115195174,6069,0.51725,0,0
0.14645115608118,6070,0.5175,0,0
0.14645116021053,6071,0.51775,0,0
0.14645116433979,6072,0.518,0,0
0.14645116846895,6073,0.51825,0,0
0.14645117259802,6074,0.5185,0,0
0.146451176727,6075,0.51875,0,0
0.14645118085588,6076,0.519,0,0
0.14645118498468,6077,0.51925,0,0
0.14645118911338,6078,0.5195,0,0
0.14645119324198,6079,0.51975,0,0
0.1464511973705,6080,0.52,0,0
0.14645120149892,6081,0.52025,0,0
0.14645120562725,6082,0.5205,0,0
0.14645120975549,6083,0.52075,0,0
0.14645121388363,6084,0.521,0,0
0.14645121801168,6085,0.52125,0,0
0.14645122213964,6086,0.5215,0,0
0.14645122626751,6087,0.52175,0,0
0.14645123039528,6088,0.522,0,0
0.14645123452296,6089,0.52225,0,0
0.14645123865055,6090,0.5225,0,0
0.14645124277804,6091,0.52275,0,0
0.14645124690544,6092,0.523,0,0
0.14645125103275,6093,0.52325,0,0
0.14645125515997,6094,0.5235,0,0
0.14645125928709,6095,0.52375,0,0
0.14645126341412,6096,0.524,0,0
0.14645126754106,6097,0.52425,0,0
0.1464512716679,6098,0.5245,0,0
0.14645127579465,6099,0.52475,0,0
0.14645127992131,6100,0.525,0,0
0.14645128404788,6101,0.52525,0,0
0.14645128817435,6102,0.5255,0,0
0.14645129230073,6103,0.52575,0,0
0.14645129642702,6104,0.526,0,0
0.14645130055321,6105,0.52625,0,0
0.14645130467931,6106,0.5265,0,0
0.14645130880532,6107,0.52675,0,0
0.14645131293124,6108,0.527,0,0
0.14645131705706,6109,0.52725,0,0
0.14645132118279,6110,0.5275,0,0
0.14645132530843,6111,0.52775,0,0
0.14645132943397,6112,0.528,0,0
0.14645133355942,6113,0.52825,0,0
0.14645133768478,6114,0.5285,0,0
0.14645134181005,6115,0.52875,0,0
0.14645134593522,6116,0.529,0,0
0.1464513500603,6117,0.52925,0,0
0.14645135418528,6118,0.5295,0,0
0.14645135831018,6119,0.52975,0,0
0.14645136243498,6120,0.53,0,0
0.14645136655968,6121,0.53025,0,0
0.1464513706843,6122,0.5305,0,0
0.14645137480882,6123,0.53075,0,0
0.14645137893325,6124,0.531,0,0
0.14645138305758,6125,0.53125,0,0
0.14645138718182,6126,0.5315,0,0
0.14645139130597,6127,0.53175,0,0
0.14645139543003,6128,0.532,0,0
0.14645139955399,6129,0.53225,0,0
0.14645140367786,6130,0.5325,0,0
0.14645140780164,6131,0.53275,0,0
0.14645141192532,6132,0.533,0,0
0.14645141604891,6133,0.53325,0,0
0.14645142017241,6134,0.5335,0,0
0.14645142429581,6135,0.53375,0,0
0.14645142841912,6136,0.534,0,0
0.14645143254234,6137,0.53425,0,0
0.14645143666547,6138,0.5345,0,0
0.1464514407885,6139,0.53475,0,0
0.14645144491144,6140,0.535,0,0
0.14645144903428,6141,0.53525,0,0
0.14645145315704,6142,0.5355,0,0
0.14645145727969,6143,0.53575,0,0
0.14645146140226,6144,0.536,0,0
0.14645146552473,6145,0.53625,0,0
0.14645146964711,6146,0.5365,0,0
0.1464514737694,6147,0.53675,0,0
0.14645147789159,6148,0.537,0,0
0.14645148201369,6149,0.53725,0,0
0.1464514861357,6150,0.5375,0,0
0.14645149025761,6151,0.53775,0,0
0.14645149437943,6152,0.538,0,0
0.14645149850116,6153,0.53825,0,0
0.1464515026228,6154,0.5385,0,0
0.14645150674434,6155,0.53875,0,0
0.14645151086578,6156,0.539,0,0
0.14645151498714,6157,0.53925,0,0
0.1464515191084,6158,0.5395,0,0
0.14645152322957,6159,0.53975,0,0
0.14645152735064,6160,0.54,0,0
0.14645153147162,6161,0.54025,0,0
0.14645153559251,6162,0.5405,0,0
0.14645153971331,6163,0.54075,0,0
0.14645154383401,6164,0.541,0,0
0.14645154795462,6165,0.54125,0,0
0.14645155207513,6166,0.5415,0,0
0.14645155619555,6167,0.54175,0,0
0.14645156031588,6168,0.542,0,0
0.14645156443612,6169,0.54225,0,0
0.14645156855626,6170,0.5425,0,0
0.14645157267631,6171,0.54275,0,0
0.14645157679626,6172,0.543,0,0
0.14645158091612,6173,0.54325,0,0
0.14645158503589,6174,0.5435,0,0
0.14645158915557,6175,0.54375,0,0
0.14645159327515,6176,0.544,0,0
0.14645159739464,6177,0.54425,0,0
0.14645160151403,6178,0.5445,0,0
0.14645160563333,6179,0.54475,0,0
0.14645160975254,6180,0.545,0,0
0.14645161387166,6181,0.54525,0,0
0.14645161799068,6182,0.5455,0,0
0.14645162210961,6183,0.54575,0,0
0.14645162622844,6184,0.546,0,0
0.14645163034718,6185,0.54625,0,0
0.14645163446583,6186,0.5465,0,0
0.14645163858438,6187,0.54675,0,0
0.14645164270284,6188,0.547,0,0
0.14645164682121,6189,0.54725,0,0
0.14645165093949,6190,0.5475,0,0
0.14645165505767,6191,0.54775,0,0
0.14645165917575,6192,0.548,0,0
0.14645166329375,6193,0.54825,0,0
0.14645166741165,6194,0.5485,0,0
0.14645167152946,6195,0.54875,0,0
0.14645167564717,6196,0.549,0,0
0.14645167976479,6197,0.54925,0,0
0.14645168388232,6198,0.5495,0,0
0.14645168799975,6199,0.54975,0,0
0.14645169211709,6200,0.55,0,0
0.14645169623433,6201,0.55025,0,0
0.14645170035149,6202,0.5505,0,0
0.14645170446855,6203,0.55075,0,0
0.14645170858551,6204,0.551,0,0
0.14645171270238,6205,0.55125,0,0
0.14645171681916,6206,0.5515,0,0
0.14645172093585,6207,0.55175,0,0
0.14645172505244,6208,0.552,0,0
0.14645172916894,6209,0.55225,0,0
0.14645173328534,6210,0.5525,0,0
0.14645173740165,6211,0.55275,0,0
0.14645174151787,6212,0.553,0,0
0.14645174563399,6213,0.55325,0,0
0.14645174975002,6214,0.5535,0,0
0.14645175386596,6215,0.55375,0,0
0.1464517579818,6216,0.554,0,0
0.14645176209755,6217,0.55425,0,0
0.14645176621321,6218,0.5545,0,0
0.14645177032877,6219,0.55475,0,0
0.14645177444424,6220,0.555,0,0
0.14645177855961,6221,0.55525,0,0
0.1464517826749,6222,0.5555,0,0
0.14645178679008,6223,0.55575,0,0
0.14645179090518,6224,0.556,0,0
0.14645179502018,6225,0.55625,0,0
0.14645179913509,6226,0.5565,0,0
0.1464518032499,6227,0.55675,0,0
0.14645180736462,6228,0.557,0,0
0.14645181147924,6229,0.55725,0,0
0.14645181559378,6230,0.5575,0,0
0.14645181970822,6231,0.55775,0,0
0.14645182382256,6232,0.558,0,0
0.14645182793681,6233,0.55825,0,0
0.14645183205097,6234,0.5585,0,0
0.14645183616504,6235,0.55875,0,0
0.14645184027901,6236,0.559,0,0
0.14645184439288,6237,0.55925,0,0
0.14645184850667,6238,0.5595,0,0
0.14645185262036,6239,0.55975,0,0
0.14645185673395,6240,0.56,0,0
0.14645186084745,6241,0.56025,0,0
0.14645186496086,6242,0.5605,0,0
0.14645186907418,6243,0.56075,0,0
0.1464518731874,6244,0.561,0,0
0.14645187730053,6245,0.56125,0,0
0.14645188141356,6246,0.5615,0,0
0.1464518855265,6247,0.56175,0,0
0.14645188963935,6248,0.562,0,0
0.1464518937521,6249,0.56225,0,0
0.14645189786476,6250,0.5625,0,0
0.14645190197732,6251,0.56275,0,0
0.14645190608979,6252,0.563,0,0
0.14645191020217,6253,0.56325,0,0
0.14645191431446,6254,0.5635,0,0
0.14645191842665,6255,0.56375,0,0
0.14645192253874,6256,0.564,0,0
0.14645192665074,6257,0.56425,0,0
0.14645193076265,6258,0.5645,0,0
0.14645193487447,6259,0.56475,0,0
0.14645193898619,6260,0.565,0,0
0.14645194309782,6261,0.56525,0,0
0.14645194720935,6262,0.5655,0,0
0.14645195132079,6263,0.56575,0,0
0.14645195543214,6264,0.566,0,0
0.14645195954339,6265,0.56625,0,0
0.14645196365455,6266,0.5665,0,0
0.14645196776561,6267,0.56675,0,0
0.14645197187658,6268,0.567,0,0
0.14645197598746,6269,0.56725,0,0
0.14645198009824,6270,0.5675,0,0
0.14645198420893,6271,0.56775,0,0
0.14645198831953,6272,0.568,0,0
0.14645199243003,6273,0.56825,0,0
0.14645199654044,6274,0.5685,0,0
0.14645200065075,6275,0.56875,0,0
0.14645200476097,6276,0.569,0,0
0.1464520088711,6277,0.56925,0,0
0.14645201298113,6278,0.5695,0,0
0.14645201709107,6279,0.56975,0,0
0.14645202120092,6280,0.57,0,0
0.14645202531067,6281,0.57025,0,0
0.14645202942033,6282,0.5705,0,0
0.14645203352989,6283,0.57075,0,0
0.14645203763936,6284,0.571,0,0
0.14645204174874,6285,0.57125,0,0
0.14645204585802,6286,0.5715,0,0
0.14645204996721,6287,0.57175,0,0
0.1464520540763,6288,0.572,0,0
0.1464520581853,6289,0.57225,0,0
0.14645206229421,6290,0.5725,0,0
0.14645206640302,6291,0.57275,0,0
0.14645207051174,6292,0.573,0,0
0.14645207462036,6293,0.57325,0,0
0.14645207872889,6294,0.5735,0,0
0.14645208283733,6295,0.57375,0,0
0.14645208694567,6296,0.574,0,0
0.14645209105392,6297,0.57425,0,0
0.14645209516208,6298,0.5745,0,0
0.14645209927014,6299,0.57475,0,0
0.1464521033781,6300,0.575,0,0
0.14645210748598,6301,0.57525,0,0
0.14645211159376,6302,0.5755,0,0
0.14645211570144,6303,0.57575,0,0
0.14645211980903,6304,0.576,0,0
0.14645212391653,6305,0.57625,0,0
0.14645212802393,6306,0.5765,0,0
0.14645213213124,6307,0.57675,0,0
0.14645213623846,6308,0.577,0,0
0.14645214034558,6309,0.57725,0,0
0.14645214445261,6310,0.5775,0,0
0.14645214855954,6311,0.57775,0,0
0.14645215266638,6312,0.578,0,0
0.14645215677313,6313,0.57825,0,0
0.14645216087978,6314,0.5785,0,0
0.14645216498634,6315,0.57875,0,0
0.1464521690928,6316,0.579,0,0
0.14645217319917,6317,0.57925,0,0
0.14645217730545,6318,0.5795,0,0
0.14645218141163,6319,0.57975,0,0
0.14645218551772,6320,0.58,0,0
0.14645218962371,6321,0.58025,0,0
0.14645219372961,6322,0.5805,0,0
0.14645219783542,6323,0.58075,0,0
0.14645220194113,6324,0.581,0,0
0.14645220604675,6325,0.58125,0,0
0.14645221015227,6326,0.5815,0,0
0.1464522142577,6327,0.58175,0,0
0.14645221836304,6328,0.582,0,0
0.14645222246828,6329,0.58225,0,0
0.14645222657343,6330,0.5825,0,0
0.14645223067848,6331,0.58275,0,0
0.14645223478344,6332,0.583,0,0
0.14645223888831,6333,0.58325,0,0
0.14645224299308,6334,0.5835,0,0
0.14645224709776,6335,0.58375,0,0
0.14645225120234,6336,0.584,0,0
0.14645225530683,6337,0.58425,0,0
0.14645225941123,6338,0.5845,0,0
0.14645226351553,6339,0.58475,0,0
0.14645226761973,6340,0.585,0,0
0.14645227172385,6341,0.58525,0,0
0.14645227582787,6342,0.5855,0,0
0.14645227993179,6343,0.58575,0,0
0.14645228403562,6344,0.586,0,0
0.14645228813936,6345,0.58625,0,0
0.146452292243,6346,0.5865,0,0
0.14645229634655,6347,0.58675,0,0
0.14645230045001,6348,0.587,0,0
0.14645230455337,6349,0.58725,0,0
0.14645230865664,6350,0.5875,0,0
0.14645231275981,6351,0.58775,0,0
0.14645231686289,6352,0.588,0,0
0.14645232096587,6353,0.58825,0,0
0.14645232506876,6354,0.5885,0,0
0.14645232917156,6355,0.58875,0,0
0.14645233327426,6356,0.589,0,0
0.14645233737687,6357,0.58925,0,0
0.14645234147938,6358,0.5895,0,0
0.1464523455818,6359,0.58975,0,0
0.14645234968413,6360,0.59,0,0
0.14645235378636,6361,0.59025,0,0
0.1464523578885,6362,0.5905,0,0
0.14645236199054,6363,0.59075,0,0
0.14645236609249,6364,0.591,0,0
0.14645237019435,6365,0.59125,0,0
0.14645237429611,6366,0.5915,0,0
0.14645237839777,6367,0.59175,0,0
0.14645238249935,6368,0.592,0,0
0.14645238660083,6369,0.59225,0,0
0.14645239070221,6370,0.5925,0,0
0.1464523948035,6371,0.59275,0,0
0.1464523989047,6372,0.593,0,0
0.1464524030058,6373,0.59325,0,0
0.14645240710681,6374,0.5935,0,0
0.14645241120772,6375,0.59375,0,0
0.14645241530854,6376,0.594,0,0
0.14645241940927,6377,0.59425,0,0
0.1464524235099,6378,0.5945,0,0
0.14645242761044,6379,0.59475,0,0
0.14645243171088,6380,0.595,0,0
0.14645243581123,6381,0.59525,0,0
0.14645243991148,6382,0.5955,0,0
0.14645244401164,6383,0.59575,0,0
0.14645244811171,6384,0.596,0,0
0.14645245221168,6385,0.59625,0,0
0.14645245631156,6386,0.5965,0,0
0.14645246041135,6387,0.59675,0,0
0.14645246451104,6388,0.597,0,0
0.14645246861063,6389,0.59725,0,0
0.14645247271013,6390,0.5975,0,0
0.14645247680954,6391,0.59775,0,0
0.14645248090885,6392,0.598,0,0
0.14645248500807,6393,0.59825,0,0
0.1464524891072,6394,0.5985,0,0
0.14645249320623,6395,0.59875,0,0
0.14645249730517,6396,0.599,0,0
0.14645250140401,6397,0.59925,0,0
0.14645250550276,6398,0.5995,0,0
0.14645250960141,6399,0.59975,0,0
0.14645251369997,6400,0.6,0,0
0.14645251779844,6401,0.60025,0,0
0.14645252189681,6402,0.6005,0,0
0.14645252599508,6403,0.60075,0,0
0.14645253009327,6404,0.601,0,0
0.14645253419136,6405,0.60125,0,0
0.14645253828935,6406,0.6015,0,0
0.14645254238725,6407,0.60175,0,0
0.14645254648506,6408,0.602,0,0
0.14645255058277,6409,0.60225,0,0
0.14645255468039,6410,0.6025,0,0
0.14645255877791,6411,0.60275,0,0
0.14645256287534,6412,0.603,0,0
0.14645256697268,6413,0.60325,0,0
0.14645257106992,6414,0.6035,0,0
0.14645257516706,6415,0.60375,0,0
0.14645257926412,6416,0.604,0,0
0.14645258336108,6417,0.60425,0,0
0.14645258745794,6418,0.6045,0,0
0.14645259155471,6419,0.60475,0,0
0.14645259565138,6420,0.605,0,0
0.14645259974797,6421,0.60525,0,0
0.14645260384445,6422,0.6055,0,0
0.14645260794085,6423,0.60575,0,0
0.14645261203715,6424,0.606,0,0
0.14645261613335,6425,0.60625,0,0
0.14645262022946,6426,0.6065,0,0
0.14645262432548,6427,0.60675,0,0
0.1464526284214,6428,0.607,0,0
0.14645263251723,6429,0.60725,0,0
0.14645263661296,6430,0.6075,0,0
0.1464526407086,6431,0.60775,0,0
0.14645264480414,6432,0.608,0,0
0.14645264889959,6433,0.60825,0,0
0.14645265299495,6434,0.6085,0,0
0.14645265709021,6435,0.60875,0,0
0.14645266118538,6436,0.609,0,0
0.14645266528045,6437,0.60925,0,0
0.14645266937543,6438,0.6095,0,0
0.14645267347032,6439,0.60975,0,0
0.14645267756511,6440,0.61,0,0
0.14645268165981,6441,0.61025,0,0
0.14645268575441,6442,0.6105,0,0
0.14645268984892,6443,0.61075,0,0
0.14645269394333,6444,0.611,0,0
0.14645269803765,6445,0.61125,0,0
0.14645270213188,6446,0.6115,0,0
0.14645270622601,6447,0.61175,0,0
0.14645271032005,6448,0.612,0,0
0.14645271441399,6449,0.61225,0,0
0.14645271850784,6450,0.6125,0,0
0.14645272260159,6451,0.61275,0,0
0.14645272669525,6452,0.613,0,0
0.14645273078882,6453,0.61325,0,0
0.14645273488229,6454,0.6135,0,0
0.14645273897567,6455,0.61375,0,0
0.14645274306895,6456,0.614,0,0
0.14645274716214,6457,0.61425,0,0
0.14645275125523,6458,0.6145,0,0
0.14645275534823,6459,0.61475,0,0
0.14645275944114,6460,0.615,0,0
0.14645276353395,6461,0.61525,0,0
0.14645276762667,6462,0.6155,0,0
0.14645277171929,6463,0.61575,0,0
0.14645277581182,6464,0.616,0,0
0.14645277990425,6465,0.61625,0,0
0.14645278399659,6466,0.6165,0,0
0.14645278808884,6467,0.61675,0,0
0.14645279218099,6468,0.617,0,0
0.14645279627305,6469,0.61725,0,0
0.14645280036501,6470,0.6175,0,0
0.14645280445688,6471,0.61775,0,0
0.14645280854866,6472,0.618,0,0
0.14645281264034,6473,0.61825,0,0
0.14645281673192,6474,0.6185,0,0
0.14645282082341,6475,0.61875,0,0
0.14645282491481,6476,0.619,0,0
0.14645282900611,6477,0.61925,0,0
0.14645283309732,6478,0.6195,0,0
0.14645283718844,6479,0.61975,0,0
0.14645284127946,6480,0.62,0,0
0.14645284537039,6481,0.62025,0,0
0.14645284946122,6482,0.6205,0,0
0.14645285355195,6483,0.62075,0,0
0.1464528576426,6484,0.621,0,0
0.14645286173315,6485,0.62125,0,0
0.1464528658236,6486,0.6215,0,0
0.14645286991396,6487,0.62175,0,0
0.14645287400423,6488,0.622,0,0
0.1464528780944,6489,0.62225,0,0
0.14645288218448,6490,0.6225,0,0
0.14645288627446,6491,0.62275,0,0
0.14645289036435,6492,0.623,0,0
0.14645289445415,6493,0.62325,0,0
0.14645289854385,6494,0.6235,0,0
0.14645290263345,6495,0.62375,0,0
0.14645290672296,6496,0.624,0,0
0.14645291081238,6497,0.62425,0,0
0.14645291490171,6498,0.6245,0,0
0.14645291899093,6499,0.62475,0,0
0.14645292308007,6500,0.625,0,0
0.14645292716911,6501,0.62525,0,0
0.14645293125806,6502,0.6255,0,0
0.14645293534691,6503,0.62575,0,0
0.14645293943567,6504,0.626,0,0
0.14645294352433,6505,0.62625,0,0
0.1464529476129,6506,0.6265,0,0
0.14645295170137,6507,0.62675,0,0
0.14645295578975,6508,0.627,0,0
0.14645295987804,6509,0.62725,0,0
0.14645296396623,6510,0.6275,0,0
0.14645296805433,6511,0.62775,0,0
0.14645297214233,6512,0.628,0,0
0.14645297623024,6513,0.62825,0,0
0.14645298031806,6514,0.6285,0,0
0.14645298440578,6515,0.62875,0,0
0.14645298849341,6516,0.629,0,0
0.14645299258094,6517,0.62925,0,0
0.14645299666838,6518,0.6295,0,0
0.14645300075572,6519,0.62975,0,0
0.14645300484297,6520,0.63,0,0
0.14645300893012,6521,0.63025,0,0
0.14645301301718,6522,0.6305,0,0
0.14645301710415,6523,0.63075,0,0
0.14645302119102,6524,0.631,0,0
0.1464530252778,6525,0.63125,0,0
0.14645302936448,6526,0.6315,0,0
0.14645303345107,6527,0.63175,0,0
0.14645303753757,6528,0.632,0,0
0.14645304162397,6529,0.63225,0,0
0.14645304571028,6530,0.6325,0,0
0.14645304979649,6531,0.63275,0,0
0.14645305388261,6532,0.633,0,0
0.14645305796863,6533,0.63325,0,0
0.14645306205456,6534,0.6335,0,0
0.14645306614039,6535,0.63375,0,0
0.14645307022614,6536,0.634,0,0
0.14645307431178,6537,0.63425,0,0
0.14645307839733,6538,0.6345,0,0
0.14645308248279,6539,0.63475,0,0
0.14645308656816,6540,0.635,0,0
0.14645309065343,6541,0.63525,0,0
0.1464530947386,6542,0.6355,0,0
0.14645309882368,6543,0.63575,0,0
0.14645310290867,6544,0.636,0,0
0.14645310699356,6545,0.63625,0,0
0.14645311107836,6546,0.6365,0,0
0.14645311516306,6547,0.63675,0,0
0.14645311924767,6548,0.637,0,0
0.14645312333219,6549,0.63725,0,0
0.14645312741661,6550,0.6375,0,0
0.14645313150094,6551,0.63775,0,0
0.14645313558517,6552,0.638,0,0
0.14645313966931,6553,0.63825,0,0
0.14645314375335,6554,0.6385,0,0
0.1464531478373,6555,0.63875,0,0
0.14645315192116,6556,0.639,0,0
0.14645315600492,6557,0.63925,0,0
0.14645316008858,6558,0.6395,0,0
0.14645316417216,6559,0.63975,0,0
0.14645316825564,6560,0.64,0,0
0.14645317233902,6561,0.64025,0,0
0.14645317642231,6562,0.6405,0,0
0.14645318050551,6563,0.64075,0,0
0.14645318458861,6564,0.641,0,0
0.14645318867161,6565,0.64125,0,0
0.14645319275453,6566,0.6415,0,0
0.14645319683735,6567,0.64175,0,0
0.14645320092007,6568,0.642,0,0
0.1464532050027,6569,0.64225,0,0
0.14645320908524,6570,0.6425,0,0
0.14645321316768,6571,0.64275,0,0
0.14645321725003,6572,0.643,0,0
0.14645322133228,6573,0.64325,0,0
0.14645322541444,6574,0.6435,0,0
0.1464532294965,6575,0.64375,0,0
0.14645323357847,6576,0.644,0,0
0.14645323766035,6577,0.64425,0,0
0.14645324174213,6578,0.6445,0,0
0.14645324582382,6579,0.64475,0,0
0.14645324990541,6580,0.645,0,0
0.14645325398691,6581,0.64525,0,0
0.14645325806832,6582,0.6455,0,0
0.14645326214963,6583,0.64575,0,0
0.14645326623085,6584,0.646,0,0
0.14645327031197,6585,0.64625,0,0
0.146453274393,6586,0.6465,0,0
0.14645327847393,6587,0.64675,0,0
0.14645328255477,6588,0.647,0,0
0.14645328663552,6589,0.64725,0,0
0.14645329071617,6590,0.6475,0,0
0.14645329479672,6591,0.64775,0,0
0.14645329887719,6592,0.648,0,0
0.14645330295756,6593,0.64825,0,0
0.14645330703783,6594,0.6485,0,0
0.14645331111801,6595,0.64875,0,0
0.1464533151981,6596,0.649,0,0
0.14645331927809,6597,0.64925,0,0
0.14645332335799,6598,0.6495,0,0
0.14645332743779,6599,0.64975,0,0
0.1464533315175,6600,0.65,0,0
0.14645333559711,6601,0.65025,0,0
0.14645333967663,6602,0.6505,0,0
0.14645334375606,6603,0.65075,0,0
0.14645334783539,6604,0.651,0,0
0.14645335191463,6605,0.65125,0,0
0.14645335599378,6606,0.6515,0,0
0.14645336007282,6607,0.65175,0,0
0.14645336415178,6608,0.652,0,0
0.14645336823064,6609,0.65225,0,0
0.14645337230941,6610,0.6525,0,0
0.14645337638808,6611,0.65275,0,0
0.14645338046666,6612,0.653,0,0
0.14645338454515,6613,0.65325,0,0
0.14645338862354,6614,0.6535,0,0
0.14645339270183,6615,0.65375,0,0
0.14645339678003,6616,0.654,0,0
0.14645340085814,6617,0.65425,0,0
0.14645340493616,6618,0.6545,0,0
0.14645340901408,6619,0.65475,0,0
0.1464534130919,6620,0.655,0,0
0.14645341716963,6621,0.65525,0,0
0.14645342124727,6622,0.6555,0,0
0.14645342532481,6623,0.65575,0,0
0.14645342940226,6624,0.656,0,0
0.14645343347962,6625,0.65625,0,0
0.14645343755688,6626,0.6565,0,0
0.14645344163404,6627,0.65675,0,0
0.14645344571111,6628,0.657,0,0
0.14645344978809,6629,0.65725,0,0
0.14645345386498,6630,0.6575,0,0
0.14645345794177,6631,0.65775,0,0
0.14645346201846,6632,0.658,0,0
0.14645346609506,6633,0.65825,0,0
0.14645347017157,6634,0.6585,0,0
0.14645347424798,6635,0.65875,0,0
0.1464534783243,6636,0.659,0,0
0.14645348240053,6637,0.65925,0,0
0.14645348647666,6638,0.6595,0,0
0.14645349055269,6639,0.65975,0,0
0.14645349462864,6640,0.66,0,0
0.14645349870448,6641,0.66025,0,0
0.14645350278024,6642,0.6605,0,0
0.1464535068559,6643,0.66075,0,0
0.14645351093146,6644,0.661,0,0
0.14645351500694,6645,0.66125,0,0
0.14645351908231,6646,0.6615,0,0
0.1464535231576,6647,0.66175,0,0
0.14645352723279,6648,0.662,0,0
0.14645353130788,6649,0.66225,0,0
0.14645353538288,6650,0.6625,0,0
0.14645353945779,6651,0.66275,0,0
0.1464535435326,6652,0.663,0,0
0.14645354760732,6653,0.66325,0,0
0.14645355168195,6654,0.6635,0,0
0.14645355575648,6655,0.66375,0,0
0.14645355983091,6656,0.664,0,0
0.14645356390526,6657,0.66425,0,0
0.1464535679795,6658,0.6645,0,0
0.14645357205366,6659,0.66475,0,0
0.14645357612772,6660,0.665,0,0
0.14645358020169,6661,0.66525,0,0
0.14645358427556,6662,0.6655,0,0
0.14645358834934,6663,0.66575,0,0
0.14645359242302,6664,0.666,0,0
0.14645359649661,6665,0.66625,0,0
0.1464536005701,6666,0.6665,0,0
0.14645360464351,6667,0.66675,0,0
0.14645360871681,6668,0.667,0,0
0.14645361279003,6669,0.66725,0,0
0.14645361686315,6670,0.6675,0,0
0.14645362093617,6671,0.66775,0,0
0.1464536250091,6672,0.668,0,0
0.14645362908194,6673,0.66825,0,0
0.14645363315468,6674,0.6685,0,0
0.14645363722733,6675,0.66875,0,0
0.14645364129989,6676,0.669,0,0
0.14645364537235,6677,0.66925,0,0
0.14645364944472,6678,0.6695,0,0
0.14645365351699,6679,0.66975,0,0
0.14645365758917,6680,0.67,0,0
0.14645366166125,6681,0.67025,0,0
0.14645366573325,6682,0.6705,0,0
0.14645366980514,6683,0.67075,0,0
0.14645367387695,6684,0.671,0,0
0.14645367794865,6685,0.67125,0,0
0.14645368202027,6686,0.6715,0,0
0.14645368609179,6687,0.67175,0,0
0.14645369016322,6688,0.672,0,0
0.14645369423455,6689,0.67225,0,0
0.14645369830579,6690,0.6725,0,0
0.14645370237693,6691,0.67275,0,0
0.14645370644798,6692,0.673,0,0
0.14645371051894,6693,0.67325,0,0
0.1464537145898,6694,0.6735,0,0
0.14645371866057,6695,0.67375,0,0
0.14645372273125,6696,0.674,0,0
0.14645372680183,6697,0.67425,0,0
0.14645373087232,6698,0.6745,0,0
0.14645373494271,6699,0.67475,0,0
0.14645373901301,6700,0.675,0,0
0.14645374308321,6701,0.67525,0,0
0.14645374715332,6702,0.6755,0,0
0.14645375122334,6703,0.67575,0,0
0.14645375529327,6704,0.676,0,0
0.14645375936309,6705,0.67625,0,0
0.14645376343283,6706,0.6765,0,0
0.14645376750247,6707,0.67675,0,0
0.14645377157202,6708,0.677,0,0
0.14645377564147,6709,0.67725,0,0
0.14645377971083,6710,0.6775,0,0
0.1464537837801,6711,0.67775,0,0
0.14645378784927,6712,0.678,0,0
0.14645379191835,6713,0.67825,0,0
0.14645379598733,6714,0.6785,0,0
0.14645380005622,6715,0.67875,0,0
0.14645380412502,6716,0.679,0,0
0.14645380819372,6717,0.67925,0,0
0.14645381226233,6718,0.6795,0,0
0.14645381633084,6719,0.67975,0,0
0.14645382039926,6720,0.68,0,0
0.14645382446759,6721,0.68025,0,0
0.14645382853582,6722,0.6805,0,0
0.14645383260396,6723,0.68075,0,0
0.146453836672,6724,0.681,0,0
0.14645384073995,6725,0.68125,0,0
0.14645384480781,6726,0.6815,0,0
0.14645384887557,6727,0.68175,0,0
0.14645385294324,6728,0.682,0,0
0.14645385701082,6729,0.68225,0,0
0.1464538610783,6730,0.6825,0,0
0.14645386514569,6731,0.68275,0,0
0.14645386921298,6732,0.683,0,0
0.14645387328018,6733,0.68325,0,0
0.14645387734729,6734,0.6835,0,0
0.1464538814143,6735,0.68375,0,0
0.14645388548122,6736,0.684,0,0
0.14645388954804,6737,0.68425,0,0
0.14645389361477,6738,0.6845,0,0
0.14645389768141,6739,0.68475,0,0
0.14645390174795,6740,0.685,0,0
0.1464539058144,6741,0.68525,0,0
0.14645390988075,6742,0.6855,0,0
0.14645391394702,6743,0.68575,0,0
0.14645391801318,6744,0.686,0,0
0.14645392207926,6745,0.68625,0,0
0.14645392614524,6746,0.6865,0,0
0.14645393021112,6747,0.68675,0,0
0.14645393427692,6748,0.687,0,0
0.14645393834261,6749,0.68725,0,0
0.14645394240822,6750,0.6875,0,0
0.14645394647373,6751,0.68775,0,0
0.14645395053915,6752,0.688,0,0
0.14645395460447,6753,0.68825,0,0
0.1464539586697,6754,0.6885,0,0
0.14645396273484,6755,0.68875,0,0
0.14645396679988,6756,0.689,0,0
0.14645397086483,6757,0.68925,0,0
0.14645397492968,6758,0.6895,0,0
0.14645397899444,6759,0.68975,0,0
0.14645398305911,6760,0.69,0,0
0.14645398712368,6761,0.69025,0,0
0.14645399118816,6762,0.6905,0,0
0.14645399525255,6763,0.69075,0,0
0.14645399931684,6764,0.691,0,0
0.14645400338104,6765,0.69125,0,0
0.14645400744514,6766,0.6915,0,0
0.14645401150915,6767,0.69175,0,0
0.14645401557307,6768,0.692,0,0
0.14645401963689,6769,0.69225,0,0
0.14645402370062,6770,0.6925,0,0
0.14645402776426,6771,0.69275,0,0
0.1464540318278,6772,0.693,0,0
0.14645403589125,6773,0.69325,0,0
0.1464540399546,6774,0.6935,0,0
0.14645404401787,6775,0.69375,0,0
0.14645404808103,6776,0.694,0,0
0.14645405214411,6777,0.69425,0,0
0.14645405620709,6778,0.6945,0,0
0.14645406026997,6779,0.69475,0,0
0.14645406433277,6780,0.695,0,0
0.14645406839546,6781,0.69525,0,0
0.14645407245807,6782,0.6955,0,0
0.14645407652058,6783,0.69575,0,0
0.146454080583,6784,0.696,0,0
0.14645408464532,6785,0.69625,0,0
0.14645408870755,6786,0.6965,0,0
0.14645409276969,6787,0.69675,0,0
0.14645409683174,6788,0.697,0,0
0.14645410089369,6789,0.69725,0,0
0.14645410495554,6790,0.6975,0,0
0.1464541090173,6791,0.69775,0,0
0.14645411307897,6792,0.698,0,0
0.14645411714055,6793,0.69825,0,0
0.14645412120203,6794,0.6985,0,0
0.14645412526342,6795,0.69875,0,0
0.14645412932471,6796,0.699,0,0
0.14645413338591,6797,0.69925,0,0
0.14645413744702,6798,0.6995,0,0
0.14645414150803,6799,0.69975,0,0
0.14645414556896,6800,0.7,0,0
0.14645414962978,6801,0.70025,0,0
0.14645415369051,6802,0.7005,0,0
0.14645415775115,6803,0.70075,0,0
0.1464541618117,6804,0.701,0,0
0.14645416587215,6805,0.70125,0,0
0.14645416993251,6806,0.7015,0,0
0.14645417399278,6807,0.70175,0,0
0.14645417805295,6808,0.702,0,0
0.14645418211303,6809,0.70225,0,0
0.14645418617301,6810,0.7025,0,0
0.1464541902329,6811,0.70275,0,0
0.1464541942927,6812,0.703,0,0
0.1464541983524,6813,0.70325,0,0
0.14645420241201,6814,0.7035,0,0
0.14645420647153,6815,0.70375,0,0
0.14645421053095,6816,0.704,0,0
0.14645421459028,6817,0.70425,0,0
0.14645421864952,6818,0.7045,0,0
0.14645422270866,6819,0.70475,0,0
0.14645422676771,6820,0.705,0,0
0.14645423082667,6821,0.70525,0,0
0.14645423488553,6822,0.7055,0,0
0.1464542389443,6823,0.70575,0,0
0.14645424300298,6824,0.706,0,0
0.14645424706156,6825,0.70625,0,0
0.14645425112005,6826,0.7065,0,0
0.14645425517844,6827,0.70675,0,0
0.14645425923674,6828,0.707,0,0
0.14645426329495,6829,0.70725,0,0
0.14645426735307,6830,0.7075,0,0
0.14645427141109,6831,0.70775,0,0
0.14645427546902,6832,0.708,0,0
0.14645427952685,6833,0.70825,0,0
0.14645428358459,6834,0.7085,0,0
0.14645428764224,6835,0.70875,0,0
0.1464542916998,6836,0.709,0,0
0.14645429575726,6837,0.70925,0,0
0.14645429981462,6838,0.7095,0,0
0.1464543038719,6839,0.70975,0,0
0.14645430792908,6840,0.71,0,0
0.14645431198617,6841,0.71025,0,0
0.14645431604316,6842,0.7105,0,0
0.14645432010006,6843,0.71075,0,0
0.14645432415687,6844,0.711,0,0
0.14645432821358,6845,0.71125,0,0
0.1464543322702,6846,0.7115,0,0
0.14645433632673,6847,0.71175,0,0
0.14645434038316,6848,0.712,0,0
0.1464543444395,6849,0.71225,0,0
0.14645434849575,6850,0.7125,0,0
0.14645435255191,6851,0.71275,0,0
0.14645435660797,6852,0.713,0,0
0.14645436066393,6853,0.71325,0,0
0.14645436471981,6854,0.7135,0,0
0.14645436877559,6855,0.71375,0,0
0.14645437283128,6856,0.714,0,0
0.14645437688687,6857,0.71425,0,0
0.14645438094237,6858,0.7145,0,0
0.14645438499778,6859,0.71475,0,0
0.14645438905309,6860,0.715,0,0
0.14645439310831,6861,0.71525,0,0
0.14645439716344,6862,0.7155,0,0
0.14645440121847,6863,0.71575,0,0
0.14645440527342,6864,0.716,0,0
0.14645440932826,6865,0.71625,0,0
0.14645441338302,6866,0.7165,0,0
0.14645441743768,6867,0.71675,0,0
0.14645442149225,6868,0.717,0,0
0.14645442554672,6869,0.71725,0,0
0.1464544296011,6870,0.7175,0,0
0.14645443365539,6871,0.71775,0,0
0.14645443770959,6872,0.718,0,0
0.14645444176369,6873,0.71825,0,0
0.1464544458177,6874,0.7185,0,0
0.14645444987162,6875,0.71875,0,0
0.14645445392544,6876,0.719,0,0
0.14645445797917,6877,0.71925,0,0
0.1464544620328,6878,0.7195,0,0
0.14645446608635,6879,0.71975,0,0
0.1464544701398,6880,0.72,0,0
0.14645447419315,6881,0.72025,0,0
0.14645447824642,6882,0.7205,0,0
0.14645448229959,6883,0.72075,0,0
0.14645448635266,6884,0.721,0,0
0.14645449040565,6885,0.72125,0,0
0.14645449445854,6886,0.7215,0,0
0.14645449851134,6887,0.72175,0,0
0.14645450256404,6888,0.722,0,0
0.14645450661665,6889,0.72225,0,0
0.14645451066917,6890,0.7225,0,0
0.1464545147216,6891,0.72275,0,0
0.14645451877393,6892,0.723,0,0
0.14645452282617,6893,0.72325,0,0
0.14645452687832,6894,0.7235,0,0
0.14645453093037,6895,0.72375,0,0
0.14645453498233,6896,0.724,0,0
0.1464545390342,6897,0.72425,0,0
0.14645454308597,6898,0.7245,0,0
0.14645454713765,6899,0.72475,0,0
0.14645455118924,6900,0.725,0,0
0.14645455524073,6901,0.72525,0,0
0.14645455929213,6902,0.7255,0,0
0.14645456334344,6903,0.72575,0,0
0.14645456739466,6904,0.726,0,0
0.14645457144578,6905,0.72625,0,0
0.14645457549681,6906,0.7265,0,0
0.14645457954775,6907,0.72675,0,0
0.14645458359859,6908,0.727,0,0
0.14645458764934,6909,0.72725,0,0
0.1464545917,6910,0.7275,0,0
0.14645459575056,6911,0.72775,0,0
0.14645459980104,6912,0.728,0,0
0.14645460385141,6913,0.72825,0,0
0.1464546079017,6914,0.7285,0,0
0.14645461195189,6915,0.72875,0,0
0.14645461600199,6916,0.729,0,0
0.146454620052,6917,0.72925,0,0
0.14645462410191,6918,0.7295,0,0
0.14645462815173,6919,0.72975,0,0
0.14645463220146,6920,0.73,0,0
0.1464546362511,6921,0.73025,0,0
0.14645464030064,6922,0.7305,0,0
0.14645464435009,6923,0.73075,0,0
0.14645464839945,6924,0.731,0,0
0.14645465244871,6925,0.73125,0,0
0.14645465649788,6926,0.7315,0,0
0.14645466054696,6927,0.73175,0,0
0.14645466459594,6928,0.732,0,0
0.14645466864484,6929,0.73225,0,0
0.14645467269364,6930,0.7325,0,0
0.14645467674234,6931,0.73275,0,0
0.14645468079096,6932,0.733,0,0
0.14645468483948,6933,0.73325,0,0
0.1464546888879,6934,0.7335,0,0
0.14645469293624,6935,0.73375,0,0
0.14645469698448,6936,0.734,0,0
0.14645470103263,6937,0.73425,0,0
0.14645470508069,6938,0.7345,0,0
0.14645470912865,6939,0.73475,0,0
0.14645471317652,6940,0.735,0,0
0.1464547172243,6941,0.73525,0,0
0.14645472127199,6942,0.7355,0,0
0.14645472531958,6943,0.73575,0,0
0.14645472936708,6944,0.736,0,0
0.14645473341449,6945,0.73625,0,0
0.1464547374618,6946,0.7365,0,0
0.14645474150902,6947,0.73675,0,0
0.14645474555615,6948,0.737,0,0
0.14645474960319,6949,0.73725,0,0
0.14645475365013,6950,0.7375,0,0
0.14645475769698,6951,0.73775,0,0
0.14645476174374,6952,0.738,0,0
0.14645476579041,6953,0.73825,0,0
0.14645476983698,6954,0.7385,0,0
0.14645477388346,6955,0.73875,0,0
0.14645477792985,6956,0.739,0,0
0.14645478197614,6957,0.73925,0,0
0.14645478602234,6958,0.7395,0,0
0.14645479006845,6959,0.73975,0,0
0.14645479411447,6960,0.74,0,0
0.1464547981604,6961,0.74025,0,0
0.14645480220623,6962,0.7405,0,0
0.14645480625197,6963,0.74075,0,0
0.14645481029761,6964,0.741,0,0
0.14645481434317,6965,0.74125,0,0
0.14645481838863,6966,0.7415,0,0
0.14645482243399,6967,0.74175,0,0
0.14645482647927,6968,0.742,0,0
0.14645483052445,6969,0.74225,0,0
0.14645483456954,6970,0.7425,0,0
0.14645483861454,6971,0.74275,0,0
0.14645484265945,6972,0.743,0,0
0.14645484670426,6973,0.74325,0,0
0.14645485074898,6974,0.7435,0,0
0.14645485479361,6975,0.74375,0,0
0.14645485883814,6976,0.744,0,0
0.14645486288259,6977,0.74425,0,0
0.14645486692694,6978,0.7445,0,0
0.1464548709712,6979,0.74475,0,0
0.14645487501536,6980,0.745,0,0
0.14645487905943,6981,0.74525,0,0
0.14645488310341,6982,0.7455,0,0
0.1464548871473,6983,0.74575,0,0
0.1464548911911,6984,0.746,0,0
0.1464548952348,6985,0.74625,0,0
0.14645489927841,6986,0.7465,0,0
0.14645490332193,6987,0.74675,0,0
0.14645490736535,6988,0.747,0,0
0.14645491140869,6989,0.74725,0,0
0.14645491545193,6990,0.7475,0,0
0.14645491949507,6991,0.74775,0,0
0.14645492353813,6992,0.748,0,0
0.14645492758109,6993,0.74825,0,0
0.14645493162396,6994,0.7485,0,0
0.14645493566674,6995,0.74875,0,0
0.14645493970943,6996,0.749,0,0
0.14645494375202,6997,0.74925,0,0
0.14645494779452,6998,0.7495,0,0
0.14645495183693,6999,0.74975,0,0
0.14645495587925,7000,0.75,0,0
0.14645495992147,7001,0.75025,0,0
0.1464549639636,7002,0.7505,0,0
0.14645496800564,7003,0.75075,0,0
0.14645497204759,7004,0.751,0,0
0.14645497608945,7005,0.75125,0,0
0.14645498013121,7006,0.7515,0,0
0.14645498417288,7007,0.75175,0,0
0.14645498821446,7008,0.752,0,0
0.14645499225594,7009,0.75225,0,0
0.14645499629734,7010,0.7525,0,0
0.14645500033864,7011,0.75275,0,0
0.14645500437985,7012,0.753,0,0
0.14645500842096,7013,0.75325,0,0
0.14645501246199,7014,0.7535,0,0
0.14645501650292,7015,0.75375,0,0
0.14645502054376,7016,0.754,0,0
0.14645502458451,7017,0.75425,0,0
0.14645502862516,7018,0.7545,0,0
0.14645503266572,7019,0.75475,0,0
0.14645503670619,7020,0.755,0,0
0.14645504074657,7021,0.75525,0,0
0.14645504478686,7022,0.7555,0,0
0.14645504882705,7023,0.75575,0,0
0.14645505286716,7024,0.756,0,0
0.14645505690717,7025,0.75625,0,0
0.14645506094708,7026,0.7565,0,0
0.14645506498691,7027,0.75675,0,0
0.14645506902664,7028,0.757,0,0
0.14645507306628,7029,0.75725,0,0
0.14645507710583,7030,0.7575,0,0
0.14645508114529,7031,0.75775,0,0
0.14645508518466,7032,0.758,0,0
0.14645508922393,7033,0.75825,0,0
0.14645509326311,7034,0.7585,0,0
0.1464550973022,7035,0.75875,0,0
0.14645510134119,7036,0.759,0,0
0.1464551053801,7037,0.75925,0,0
0.14645510941891,7038,0.7595,0,0
0.14645511345763,7039,0.75975,0,0
0.14645511749626,7040,0.76,0,0
0.1464551215348,7041,0.76025,0,0
0.14645512557324,7042,0.7605,0,0
0.14645512961159,7043,0.76075,0,0
0.14645513364985,7044,0.761,0,0
0.14645513768802,7045,0.76125,0,0
0.1464551417261,7046,0.7615,0,0
0.14645514576408,7047,0.76175,0,0
0.14645514980197,7048,0.762,0,0
0.14645515383977,7049,0.76225,0,0
0.14645515787748,7050,0.7625,0,0
0.1464551619151,7051,0.76275,0,0
0.14645516595262,7052,0.763,0,0
0.14645516999006,7053,0.76325,0,0
0.1464551740274,7054,0.7635,0,0
0.14645517806465,7055,0.76375,0,0
0.1464551821018,7056,0.764,0,0
0.14645518613887,7057,0.76425,0,0
0.14645519017584,7058,0.7645,0,0
0.14645519421272,7059,0.76475,0,0
0.14645519824951,7060,0.765,0,0
0.14645520228621,7061,0.76525,0,0
0.14645520632281,7062,0.7655,0,0
0.14645521035933,7063,0.76575,0,0
0.14645521439575,7064,0.766,0,0
0.14645521843208,7065,0.76625,0,0
0.14645522246831,7066,0.7665,0,0
0.14645522650446,7067,0.76675,0,0
0.14645523054051,7068,0.767,0,0
0.14645523457648,7069,0.76725,0,0
0.14645523861235,7070,0.7675,0,0
0.14645524264813,7071,0.76775,0,0
0.14645524668381,7072,0.768,0,0
0.14645525071941,7073,0.76825,0,0
0.14645525475491,7074,0.7685,0,0
0.14645525879032,7075,0.76875,0,0
0.14645526282564,7076,0.769,0,0
0.14645526686087,7077,0.76925,0,0
0.14645527089601,7078,0.7695,0,0
0.14645527493105,7079,0.76975,0,0
0.14645527896601,7080,0.77,0,0
0.14645528300087,7081,0.77025,0,0
0.14645528703564,7082,0.7705,0,0
0.14645529107032,7083,0.77075,0,0
0.1464552951049,7084,0.771,0,0
0.1464552991394,7085,0.77125,0,0
0.1464553031738,7086,0.7715,0,0
0.14645530720811,7087,0.77175,0,0
0.14645531124233,7088,0.772,0,0
0.14645531527646,7089,0.77225,0,0
0.1464553193105,7090,0.7725,0,0
0.14645532334444,7091,0.77275,0,0
0.14645532737829,7092,0.773,0,0
0.14645533141206,7093,0.77325,0,0
0.14645533544573,7094,0.7735,0,0
0.1464553394793,7095,0.77375,0,0
0.14645534351279,7096,0.774,0,0
0.14645534754619,7097,0.77425,0,0
0.14645535157949,7098,0.7745,0,0
0.1464553556127,7099,0.77475,0,0
0.14645535964582,7100,0.775,0,0
0.14645536367885,7101,0.77525,0,0
0.14645536771179,7102,0.7755,0,0
0.14645537174463,7103,0.77575,0,0
0.14645537577739,7104,0.776,0,0
0.14645537981005,7105,0.77625,0,0
0.14645538384262,7106,0.7765,0,0
0.1464553878751,7107,0.77675,0,0
0.14645539190749,7108,0.777,0,0
0.14645539593979,7109,0.77725,0,0
0.146455399972,7110,0.7775,0,0
0.14645540400411,7111,0.77775,0,0
0.14645540803613,7112,0.778,0,0
0.14645541206806,7113,0.77825,0,0
0.1464554160999,7114,0.7785,0,0
0.14645542013165,7115,0.77875,0,0
0.14645542416331,7116,0.779,0,0
0.14645542819488,7117,0.77925,0,0
0.14645543222635,7118,0.7795,0,0
0.14645543625773,7119,0.77975,0,0
0.14645544028902,7120,0.78,0,0
0.14645544432022,7121,0.78025,0,0
0.14645544835133,7122,0.7805,0,0
0.14645545238235,7123,0.78075,0,0
0.14645545641328,7124,0.781,0,0
0.14645546044411,7125,0.78125,0,0
0.14645546447486,7126,0.7815,0,0
0.14645546850551,7127,0.78175,0,0
0.14645547253607,7128,0.782,0,0
0.14645547656654,7129,0.78225,0,0
0.14645548059692,7130,0.7825,0,0
0.14645548462721,7131,0.78275,0,0
0.1464554886574,7132,0.783,0,0
0.14645549268751,7133,0.78325,0,0
0.14645549671752,7134,0.7835,0,0
0.14645550074744,7135,0.78375,0,0
0.14645550477727,7136,0.784,0,0
0.14645550880701,7137,0.78425,0,0
0.14645551283666,7138,0.7845,0,0
0.14645551686622,7139,0.78475,0,0
0.14645552089569,7140,0.785,0,0
0.14645552492506,7141,0.78525,0,0
0.14645552895435,7142,0.7855,0,0
0.14645553298354,7143,0.78575,0,0
0.14645553701264,7144,0.786,0,0
0.14645554104165,7145,0.78625,0,0
0.14645554507057,7146,0.7865,0,0
0.1464555490994,7147,0.78675,0,0
0.14645555312814,7148,0.787,0,0
0.14645555715678,7149,0.78725,0,0
0.14645556118534,7150,0.7875,0,0
0.1464555652138,7151,0.78775,0,0
0.14645556924218,7152,0.788,0,0
0.14645557327046,7153,0.78825,0,0
0.14645557729865,7154,0.7885,0,0
0.14645558132675,7155,0.78875,0,0
0.14645558535476,7156,0.789,0,0
0.14645558938268,7157,0.78925,0,0
0.1464555934105,7158,0.7895,0,0
0.14645559743824,7159,0.78975,0,0
0.14645560146588,7160,0.79,0,0
0.14645560549344,7161,0.79025,0,0
0.1464556095209,7162,0.7905,0,0
0.14645561354827,7163,0.79075,0,0
0.14645561757555,7164,0.791,0,0
0.14645562160274,7165,0.79125,0,0
0.14645562562984,7166,0.7915,0,0
0.14645562965685,7167,0.79175,0,0
0.14645563368377,7168,0.792,0,0
0.14645563771059,7169,0.79225,0,0
0.14645564173733,7170,0.7925,0,0
0.14645564576397,7171,0.79275,0,0
0.14645564979053,7172,0.793,0,0
0.14645565381699,7173,0.79325,0,0
0.14645565784336,7174,0.7935,0,0
0.14645566186965,7175,0.79375,0,0
0.14645566589584,7176,0.794,0,0
0.14645566992194,7177,0.79425,0,0
0.14645567394794,7178,0.7945,0,0
0.14645567797386,7179,0.79475,0,0
0.14645568199969,7180,0.795,0,0
0.14645568602543,7181,0.79525,0,0
0.14645569005107,7182,0.7955,0,0
0.14645569407663,7183,0.79575,0,0
0.14645569810209,7184,0.796,0,0
0.14645570212747,7185,0.79625,0,0
0.14645570615275,7186,0.7965,0,0
0.14645571017794,7187,0.79675,0,0
0.14645571420304,7188,0.797,0,0
0.14645571822805,7189,0.79725,0,0
0.14645572225297,7190,0.7975,0,0
0.1464557262778,7191,0.79775,0,0
0.14645573030254,7192,0.798,0,0
0.14645573432719,7193,0.79825,0,0
0.14645573835175,7194,0.7985,0,0
0.14645574237621,7195,0.79875,0,0
0.14645574640059,7196,0.799,0,0
0.14645575042487,7197,0.79925,0,0
0.14645575444907,7198,0.7995,0,0
0.14645575847317,7199,0.79975,0,0
0.14645576249719,7200,0.8,0,0
0.14645576652111,7201,0.80025,0,0
0.14645577054494,7202,0.8005,0,0
0.14645577456868,7203,0.80075,0,0
0.14645577859234,7204,0.801,0,0
0.1464557826159,7205,0.80125,0,0
0.14645578663937,7206,0.8015,0,0
0.14645579066275,7207,0.80175,0,0
0.14645579468604,7208,0.802,0,0
0.14645579870924,7209,0.80225,0,0
0.14645580273234,7210,0.8025,0,0
0.14645580675536,7211,0.80275,0,0
0.14645581077829,7212,0.803,0,0
0.14645581480113,7213,0.80325,0,0
0.14645581882387,7214,0.8035,0,0
0.14645582284653,7215,0.80375,0,0
0.14645582686909,7216,0.804,0,0
0.14645583089157,7217,0.80425,0,0
0.14645583491396,7218,0.8045,0,0
0.14645583893625,7219,0.80475,0,0
0.14645584295845,7220,0.805,0,0
0.14645584698057,7221,0.80525,0,0
0.14645585100259,7222,0.8055,0,0
0.14645585502452,7223,0.80575,0,0
0.14645585904637,7224,0.806,0,0
0.14645586306812,7225,0.80625,0,0
0.14645586708978,7226,0.8065,0,0
0.14645587111135,7227,0.80675,0,0
0.14645587513284,7228,0.807,0,0
0.14645587915423,7229,0.80725,0,0
0.14645588317553,7230,0.8075,0,0
0.14645588719674,7231,0.80775,0,0
0.14645589121786,7232,0.808,0,0
0.14645589523889,7233,0.80825,0,0
0.14645589925983,7234,0.8085,0,0
0.14645590328068,7235,0.80875,0,0
0.14645590730144,7236,0.809,0,0
0.14645591132211,7237,0.80925,0,0
0.14645591534269,7238,0.8095,0,0
0.14645591936318,7239,0.80975,0,0
0.14645592338357,7240,0.81,0,0
0.14645592740388,7241,0.81025,0,0
0.1464559314241,7242,0.8105,0,0
0.14645593544423,7243,0.81075,0,0
0.14645593946427,7244,0.811,0,0
0.14645594348422,7245,0.81125,0,0
0.14645594750408,7246,0.8115,0,0
0.14645595152384,7247,0.81175,0,0
0.14645595554352,7248,0.812,0,0
0.14645595956311,7249,0.81225,0,0
0.14645596358261,7250,0.8125,0,0
0.14645596760201,7251,0.81275,0,0
0.14645597162133,7252,0.813,0,0
0.14645597564056,7253,0.81325,0,0
0.1464559796597,7254,0.8135,0,0
0.14645598367875,7255,0.81375,0,0
0.1464559876977,7256,0.814,0,0
0.14645599171657,7257,0.81425,0,0
0.14645599573535,7258,0.8145,0,0
0.14645599975404,7259,0.81475,0,0
0.14645600377263,7260,0.815,0,0
0.14645600779114,7261,0.81525,0,0
0.14645601180956,7262,0.8155,0,0
0.14645601582789,7263,0.81575,0,0
0.14645601984613,7264,0.816,0,0
0.14645602386427,7265,0.81625,0,0
0.14645602788233,7266,0.8165,0,0
0.1464560319003,7267,0.81675,0,0
0.14645603591818,7268,0.817,0,0
0.14645603993597,7269,0.81725,0,0
0.14645604395367,7270,0.8175,0,0
0.14645604797128,7271,0.81775,0,0
0.1464560519888,7272,0.818,0,0
0.14645605600623,7273,0.81825,0,0
0.14645606002357,7274,0.8185,0,0
0.14645606404082,7275,0.81875,0,0
0.14645606805798,7276,0.819,0,0
0.14645607207505,7277,0.81925,0,0
0.14645607609203,7278,0.8195,0,0
0.14645608010892,7279,0.81975,0,0
0.14645608412572,7280,0.82,0,0
0.14645608814243,7281,0.82025,0,0
0.14645609215905,7282,0.8205,0,0
0.14645609617558,7283,0.82075,0,0
0.14645610019203,7284,0.821,0,0
0.14645610420838,7285,0.82125,0,0
0.14645610822464,7286,0.8215,0,0
0.14645611224082,7287,0.82175,0,0
0.1464561162569,7288,0.822,0,0
0.14645612027289,7289,0.82225,0,0
0.1464561242888,7290,0.8225,0,0
0.14645612830461,7291,0.82275,0,0
0.14645613232034,7292,0.823,0,0
0.14645613633598,7293,0.82325,0,0
0.14645614035152,7294,0.8235,0,0
0.14645614436698,7295,0.82375,0,0
0.14645614838235,7296,0.824,0,0
0.14645615239762,7297,0.82425,0,0
0.14645615641281,7298,0.8245,0,0
0.14645616042791,7299,0.82475,0,0
0.14645616444292,7300,0.825,0,0
0.14645616845784,7301,0.82525,0,0
0.14645617247267,7302,0.8255,0,0
0.14645617648741,7303,0.82575,0,0
0.14645618050206,7304,0.826,0,0
0.14645618451662,7305,0.82625,0,0
0.14645618853109,7306,0.8265,0,0
0.14645619254548,7307,0.82675,0,0
0.14645619655977,7308,0.827,0,0
0.14645620057398,7309,0.82725,0,0
0.14645620458809,7310,0.8275,0,0
0.14645620860212,7311,0.82775,0,0
0.14645621261605,7312,0.828,0,0
0.1464562166299,7313,0.82825,0,0
0.14645622064366,7314,0.8285,0,0
0.14645622465732,7315,0.82875,0,0
0.1464562286709,7316,0.829,0,0
0.14645623268439,7317,0.82925,0,0
0.14645623669779,7318,0.8295,0,0
0.1464562407111,7319,0.82975,0,0
0.14645624472432,7320,0.83,0,0
0.14645624873746,7321,0.83025,0,0
0.1464562527505,7322,0.8305,0,0
0.14645625676345,7323,0.83075,0,0
0.14645626077632,7324,0.831,0,0
0.14645626478909,7325,0.83125,0,0
0.14645626880178,7326,0.8315,0,0
0.14645627281438,7327,0.83175,0,0
0.14645627682689,7328,0.832,0,0
0.1464562808393,7329,0.83225,0,0
0.14645628485163,7330,0.8325,0,0
0.14645628886387,7331,0.83275,0,0
0.14645629287603,7332,0.833,0,0
0.14645629688809,7333,0.83325,0,0
0.14645630090006,7334,0.8335,0,0
0.14645630491195,7335,0.83375,0,0
0.14645630892374,7336,0.834,0,0
0.14645631293545,7337,0.83425,0,0
0.14645631694706,7338,0.8345,0,0
0.14645632095859,7339,0.83475,0,0
0.14645632497003,7340,0.835,0,0
0.14645632898138,7341,0.83525,0,0
0.14645633299264,7342,0.8355,0,0
0.14645633700381,7343,0.83575,0,0
0.14645634101489,7344,0.836,0,0
0.14645634502589,7345,0.83625,0,0
0.14645634903679,7346,0.8365,0,0
0.14645635304761,7347,0.83675,0,0
0.14645635705834,7348,0.837,0,0
0.14645636106897,7349,0.83725,0,0
0.14645636507952,7350,0.8375,0,0
0.14645636908998,7351,0.83775,0,0
0.14645637310036,7352,0.838,0,0
0.14645637711064,7353,0.83825,0,0
0.14645638112083,7354,0.8385,0,0
0.14645638513094,7355,0.83875,0,0
0.14645638914095,7356,0.839,0,0
0.14645639315088,7357,0.83925,0,0
0.14645639716072,7358,0.8395,0,0
0.14645640117047,7359,0.83975,0,0
0.14645640518013,7360,0.84,0,0
0.1464564091897,7361,0.84025,0,0
0.14645641319918,7362,0.8405,0,0
0.14645641720858,7363,0.84075,0,0
0.14645642121788,7364,0.841,0,0
0.1464564252271,7365,0.84125,0,0
0.14645642923623,7366,0.8415,0,0
0.14645643324527,7367,0.84175,0,0
0.14645643725422,7368,0.842,0,0
0.14645644126308,7369,0.84225,0,0
0.14645644527186,7370,0.8425,0,0
0.14645644928054,7371,0.84275,0,0
0.14645645328914,7372,0.843,0,0
0.14645645729765,7373,0.84325,0,0
0.14645646130607,7374,0.8435,0,0
0.1464564653144,7375,0.84375,0,0
0.14645646932264,7376,0.844,0,0
0.14645647333079,7377,0.84425,0,0
0.14645647733886,7378,0.8445,0,0
0.14645648134683,7379,0.84475,0,0
0.14645648535472,7380,0.845,0,0
0.14645648936252,7381,0.84525,0,0
0.14645649337023,7382,0.8455,0,0
0.14645649737785,7383,0.84575,0,0
0.14645650138539,7384,0.846,0,0
0.14645650539283,7385,0.84625,0,0
0.14645650940019,7386,0.8465,0,0
0.14645651340746,7387,0.84675,0,0
0.14645651741464,7388,0.847,0,0
0.14645652142173,7389,0.84725,0,0
0.14645652542873,7390,0.8475,0,0
0.14645652943565,7391,0.84775,0,0
0.14645653344247,7392,0.848,0,0
0.14645653744921,7393,0.84825,0,0
0.14645654145586,7394,0.8485,0,0
0.14645654546242,7395,0.84875,0,0
0.14645654946889,7396,0.849,0,0
0.14645655347528,7397,0.84925,0,0
0.14645655748157,7398,0.8495,0,0
0.14645656148778,7399,0.84975,0,0
0.1464565654939,7400,0.85,0,0
0.14645656949993,7401,0.85025,0,0
0.14645657350588,7402,0.8505,0,0
0.14645657751173,7403,0.85075,0,0
0.1464565815175,7404,0.851,0,0
0.14645658552318,7405,0.85125,0,0
0.14645658952877,7406,0.8515,0,0
0.14645659353427,7407,0.85175,0,0
0.14645659753968,7408,0.852,0,0
0.14645660154501,7409,0.85225,0,0
0.14645660555025,7410,0.8525,0,0
0.1464566095554,7411,0.85275,0,0
0.14645661356046,7412,0.853,0,0
0.14645661756543,7413,0.85325,0,0
0.14645662157032,7414,0.8535,0,0
0.14645662557511,7415,0.85375,0,0
0.14645662957982,7416,0.854,0,0
0.14645663358444,7417,0.85425,0,0
0.14645663758898,7418,0.8545,0,0
0.14645664159342,7419,0.85475,0,0
0.14645664559778,7420,0.855,0,0
0.14645664960205,7421,0.85525,0,0
0.14645665360623,7422,0.8555,0,0
0.14645665761032,7423,0.85575,0,0
0.14645666161432,7424,0.856,0,0
0.14645666561824,7425,0.85625,0,0
0.14645666962207,7426,0.8565,0,0
0.14645667362581,7427,0.85675,0,0
0.14645667762946,7428,0.857,0,0
0.14645668163303,7429,0.85725,0,0
0.14645668563651,7430,0.8575,0,0
0.1464566896399,7431,0.85775,0,0
0.1464566936432,7432,0.858,0,0
0.14645669764641,7433,0.85825,0,0
0.14645670164954,7434,0.8585,0,0
0.14645670565257,7435,0.85875,0,0
0.14645670965552,7436,0.859,0,0
0.14645671365839,7437,0.85925,0,0
0.14645671766116,7438,0.8595,0,0
0.14645672166385,7439,0.85975,0,0
0.14645672566645,7440,0.86,0,0
0.14645672966896,7441,0.86025,0,0
0.14645673367138,7442,0.8605,0,0
0.14645673767372,7443,0.86075,0,0
0.14645674167597,7444,0.861,0,0
0.14645674567813,7445,0.86125,0,0
0.1464567496802,7446,0.8615,0,0
0.14645675368218,7447,0.86175,0,0
0.14645675768408,7448,0.862,0,0
0.14645676168589,7449,0.86225,0,0
0.14645676568761,7450,0.8625,0,0
0.14645676968925,7451,0.86275,0,0
0.1464567736908,7452,0.863,0,0
0.14645677769225,7453,0.86325,0,0
0.14645678169363,7454,0.8635,0,0
0.14645678569491,7455,0.86375,0,0
0.14645678969611,7456,0.864,0,0
0.14645679369722,7457,0.86425,0,0
0.14645679769824,7458,0.8645,0,0
0.14645680169917,7459,0.86475,0,0
0.14645680570002,7460,0.865,0,0
0.14645680970078,7461,0.86525,0,0
0.14645681370145,7462,0.8655,0,0
0.14645681770203,7463,0.86575,0,0
0.14645682170253,7464,0.866,0,0
0.14645682570294,7465,0.86625,0,0
0.14645682970326,7466,0.8665,0,0
0.1464568337035,7467,0.86675,0,0
0.14645683770364,7468,0.867,0,0
0.1464568417037,7469,0.86725,0,0
0.14645684570368,7470,0.8675,0,0
0.14645684970356,7471,0.86775,0,0
0.14645685370336,7472,0.868,0,0
0.14645685770307,7473,0.86825,0,0
0.14645686170269,7474,0.8685,0,0
0.14645686570223,7475,0.86875,0,0
0.14645686970168,7476,0.869,0,0
0.14645687370104,7477,0.86925,0,0
0.14645687770031,7478,0.8695,0,0
0.1464568816995,7479,0.86975,0,0
0.1464568856986,7480,0.87,0,0
0.14645688969761,7481,0.87025,0,0
0.14645689369653,7482,0.8705,0,0
0.14645689769537,7483,0.87075,0,0
0.14645690169412,7484,0.871,0,0
0.14645690569279,7485,0.87125,0,0
0.14645690969136,7486,0.8715,0,0
0.14645691368985,7487,0.87175,0,0
0.14645691768826,7488,0.872,0,0
0.14645692168657,7489,0.87225,0,0
0.1464569256848,7490,0.8725,0,0
0.14645692968294,7491,0.87275,0,0
0.14645693368099,7492,0.873,0,0
0.14645693767896,7493,0.87325,0,0
0.14645694167684,7494,0.8735,0,0
0.14645694567463,7495,0.87375,0,0
0.14645694967234,7496,0.874,0,0
0.14645695366996,7497,0.87425,0,0
0.14645695766749,7498,0.8745,0,0
0.14645696166494,7499,0.87475,0,0
0.14645696566229,7500,0.875,0,0
0.14645696965956,7501,0.87525,0,0
0.14645697365675,7502,0.8755,0,0
0.14645697765385,7503,0.87575,0,0
0.14645698165086,7504,0.876,0,0
0.14645698564778,7505,0.87625,0,0
0.14645698964462,7506,0.8765,0,0
0.14645699364137,7507,0.87675,0,0
0.14645699763803,7508,0.877,0,0
0.14645700163461,7509,0.87725,0,0
0.14645700563109,7510,0.8775,0,0
0.1464570096275,7511,0.87775,0,0
0.14645701362381,7512,0.878,0,0
0.14645701762004,7513,0.87825,0,0
0.14645702161618,7514,0.8785,0,0
0.14645702561224,7515,0.87875,0,0
0.14645702960821,7516,0.879,0,0
0.14645703360409,7517,0.87925,0,0
0.14645703759989,7518,0.8795,0,0
0.1464570415956,7519,0.87975,0,0
0.14645704559122,7520,0.88,0,0
0.14645704958675,7521,0.88025,0,0
0.1464570535822,7522,0.8805,0,0
0.14645705757756,7523,0.88075,0,0
0.14645706157284,7524,0.881,0,0
0.14645706556803,7525,0.88125,0,0
0.14645706956313,7526,0.8815,0,0
0.14645707355815,7527,0.88175,0,0
0.14645707755308,7528,0.882,0,0
0.14645708154792,7529,0.88225,0,0
0.14645708554268,7530,0.8825,0,0
0.14645708953735,7531,0.88275,0,0
0.14645709353193,7532,0.883,0,0
0.14645709752643,7533,0.88325,0,0
0.14645710152084,7534,0.8835,0,0
0.14645710551516,7535,0.88375,0,0
0.1464571095094,7536,0.884,0,0
0.14645711350355,7537,0.88425,0,0
0.14645711749761,7538,0.8845,0,0
0.14645712149159,7539,0.88475,0,0
0.14645712548548,7540,0.885,0,0
0.14645712947929,7541,0.88525,0,0
0.14645713347301,7542,0.8855,0,0
0.14645713746664,7543,0.88575,0,0
0.14645714146019,7544,0.886,0,0
0.14645714545365,7545,0.88625,0,0
0.14645714944702,7546,0.8865,0,0
0.14645715344031,7547,0.88675,0,0
0.14645715743351,7548,0.887,0,0
0.14645716142663,7549,0.88725,0,0
0.14645716541965,7550,0.8875,0,0
0.1464571694126,7551,0.88775,0,0
0.14645717340545,7552,0.888,0,0
0.14645717739822,7553,0.88825,0,0
0.14645718139091,7554,0.8885,0,0
0.14645718538351,7555,0.88875,0,0
0.14645718937602,7556,0.889,0,0
0.14645719336844,7557,0.88925,0,0
0.14645719736078,7558,0.8895,0,0
0.14645720135304,7559,0.88975,0,0
0.1464572053452,7560,0.89,0,0
0.14645720933729,7561,0.89025,0,0
0.14645721332928,7562,0.8905,0,0
0.14645721732119,7563,0.89075,0,0
0.14645722131301,7564,0.891,0,0
0.14645722530475,7565,0.89125,0,0
0.1464572292964,7566,0.8915,0,0
0.14645723328797,7567,0.89175,0,0
0.14645723727945,7568,0.892,0,0
0.14645724127084,7569,0.89225,0,0
0.14645724526215,7570,0.8925,0,0
0.14645724925337,7571,0.89275,0,0
0.1464572532445,7572,0.893,0,0
0.14645725723555,7573,0.89325,0,0
0.14645726122652,7574,0.8935,0,0
0.1464572652174,7575,0.89375,0,0
0.14645726920819,7576,0.894,0,0
0.14645727319889,7577,0.89425,0,0
0.14645727718951,7578,0.8945,0,0
0.14645728118005,7579,0.89475,0,0
0.1464572851705,7580,0.895,0,0
0.14645728916086,7581,0.89525,0,0
0.14645729315114,7582,0.8955,0,0
0.14645729714133,7583,0.89575,0,0
0.14645730113144,7584,0.896,0,0
0.14645730512146,7585,0.89625,0,0
0.14645730911139,7586,0.8965,0,0
0.14645731310124,7587,0.89675,0,0
0.146457317091,7588,0.897,0,0
0.14645732108068,7589,0.89725,0,0
0.14645732507027,7590,0.8975,0,0
0.14645732905978,7591,0.89775,0,0
0.1464573330492,7592,0.898,0,0
0.14645733703853,7593,0.89825,0,0
0.14645734102778,7594,0.8985,0,0
0.14645734501695,7595,0.89875,0,0
0.14645734900603,7596,0.899,0,0
0.14645735299502,7597,0.89925,0,0
0.14645735698393,7598,0.8995,0,0
0.14645736097275,7599,0.89975,0,0
0.14645736496148,7600,0.9,0,0
0.14645736895013,7601,0.90025,0,0
0.1464573729387,7602,0.9005,0,0
0.14645737692718,7603,0.90075,0,0
0.14645738091557,7604,0.901,0,0
0.14645738490388,7605,0.90125,0,0
0.14645738889211,7606,0.9015,0,0
0.14645739288025,7607,0.90175,0,0
0.1464573968683,7608,0.902,0,0
0.14645740085627,7609,0.90225,0,0
0.14645740484415,7610,0.9025,0,0
0.14645740883195,7611,0.90275,0,0
0.14645741281966,7612,0.903,0,0
0.14645741680728,7613,0.90325,0,0
0.14645742079482,7614,0.9035,0,0
0.14645742478228,7615,0.90375,0,0
0.14645742876965,7616,0.904,0,0
0.14645743275694,7617,0.90425,0,0
0.14645743674414,7618,0.9045,0,0
0.14645744073125,7619,0.90475,0,0
0.14645744471828,7620,0.905,0,0
0.14645744870523,7621,0.90525,0,0
0.14645745269209,7622,0.9055,0,0
0.14645745667886,7623,0.90575,0,0
0.14645746066555,7624,0.906,0,0
0.14645746465215,7625,0.90625,0,0
0.14645746863867,7626,0.9065,0,0
0.14645747262511,7627,0.90675,0,0
0.14645747661146,7628,0.907,0,0
0.14645748059772,7629,0.90725,0,0
0.1464574845839,7630,0.9075,0,0
0.14645748856999,7631,0.90775,0,0
0.146457492556,7632,0.908,0,0
0.14645749654193,7633,0.90825,0,0
0.14645750052776,7634,0.9085,0,0
0.14645750451352,7635,0.90875,0,0
0.14645750849919,7636,0.909,0,0
0.14645751248477,7637,0.90925,0,0
0.14645751647027,7638,0.9095,0,0
0.14645752045569,7639,0.90975,0,0
0.14645752444101,7640,0.91,0,0
0.14645752842626,7641,0.91025,0,0
0.14645753241142,7642,0.9105,0,0
0.14645753639649,7643,0.91075,0,0
0.14645754038148,7644,0.911,0,0
0.14645754436639,7645,0.91125,0,0
0.14645754835121,7646,0.9115,0,0
0.14645755233595,7647,0.91175,0,0
0.1464575563206,7648,0.912,0,0
0.14645756030516,7649,0.91225,0,0
0.14645756428965,7650,0.9125,0,0
0.14645756827404,7651,0.91275,0,0
0.14645757225836,7652,0.913,0,0
0.14645757624258,7653,0.91325,0,0
0.14645758022673,7654,0.9135,0,0
0.14645758421078,7655,0.91375,0,0
0.14645758819476,7656,0.914,0,0
0.14645759217865,7657,0.91425,0,0
0.14645759616245,7658,0.9145,0,0
0.14645760014617,7659,0.91475,0,0
0.14645760412981,7660,0.915,0,0
0.14645760811336,7661,0.91525,0,0
0.14645761209682,7662,0.9155,0,0
0.14645761608021,7663,0.91575,0,0
0.1464576200635,7664,0.916,0,0
0.14645762404672,7665,0.91625,0,0
0.14645762802985,7666,0.9165,0,0
0.14645763201289,7667,0.91675,0,0
0.14645763599585,7668,0.917,0,0
0.14645763997872,7669,0.91725,0,0
0.14645764396152,7670,0.9175,0,0
0.14645764794422,7671,0.91775,0,0
0.14645765192684,7672,0.918,0,0
0.14645765590938,7673,0.91825,0,0
0.14645765989183,7674,0.9185,0,0
0.1464576638742,7675,0.91875,0,0
0.14645766785649,7676,0.919,0,0
0.14645767183869,7677,0.91925,0,0
0.14645767582081,7678,0.9195,0,0
0.14645767980284,7679,0.91975,0,0
0.14645768378479,7680,0.92,0,0
0.14645768776665,7681,0.92025,0,0
0.14645769174843,7682,0.9205,0,0
0.14645769573012,7683,0.92075,0,0
0.14645769971173,7684,0.921,0,0
0.14645770369326,7685,0.92125,0,0
0.1464577076747,7686,0.9215,0,0
0.14645771165606,7687,0.92175,0,0
0.14645771563734,7688,0.922,0,0
0.14645771961853,7689,0.92225,0,0
0.14645772359963,7690,0.9225,0,0
0.14645772758066,7691,0.92275,0,0
0.14645773156159,7692,0.923,0,0
0.14645773554245,7693,0.92325,0,0
0.14645773952322,7694,0.9235,0,0
0.14645774350391,7695,0.92375,0,0
0.14645774748451,7696,0.924,0,0
0.14645775146503,7697,0.92425,0,0
0.14645775544546,7698,0.9245,0,0
0.14645775942581,7699,0.92475,0,0
0.14645776340608,7700,0.925,0,0
0.14645776738626,7701,0.92525,0,0
0.14645777136636,7702,0.9255,0,0
0.14645777534637,7703,0.92575,0,0
0.1464577793263,7704,0.926,0,0
0.14645778330615,7705,0.92625,0,0
0.14645778728592,7706,0.9265,0,0
0.14645779126559,7707,0.92675,0,0
0.14645779524519,7708,0.927,0,0
0.1464577992247,7709,0.92725,0,0
0.14645780320413,7710,0.9275,0,0
0.14645780718348,7711,0.92775,0,0
0.14645781116274,7712,0.928,0,0
0.14645781514191,7713,0.92825,0,0
0.14645781912101,7714,0.9285,0,0
0.14645782310002,7715,0.92875,0,0
0.14645782707894,7716,0.929,0,0
0.14645783105779,7717,0.92925,0,0
0.14645783503655,7718,0.9295,0,0
0.14645783901522,7719,0.92975,0,0
0.14645784299381,7720,0.93,0,0
0.14645784697232,7721,0.93025,0,0
0.14645785095075,7722,0.9305,0,0
0.14645785492909,7723,0.93075,0,0
0.14645785890735,7724,0.931,0,0
0.14645786288552,7725,0.93125,0,0
0.14645786686361,7726,0.9315,0,0
0.14645787084162,7727,0.93175,0,0
0.14645787481954,7728,0.932,0,0
0.14645787879738,7729,0.93225,0,0
0.14645788277514,7730,0.9325,0,0
0.14645788675281,7731,0.93275,0,0
0.1464578907304,7732,0.933,0,0
0.14645789470791,7733,0.93325,0,0
0.14645789868533,7734,0.9335,0,0
0.14645790266267,7735,0.93375,0,0
0.14645790663993,7736,0.934,0,0
0.1464579106171,7737,0.93425,0,0
0.14645791459419,7738,0.9345,0,0
0.1464579185712,7739,0.93475,0,0
0.14645792254812,7740,0.935,0,0
0.14645792652497,7741,0.93525,0,0
0.14645793050172,7742,0.9355,0,0
0.1464579344784,7743,0.93575,0,0
0.14645793845499,7744,0.936,0,0
0.1464579424315,7745,0.93625,0,0
0.14645794640792,7746,0.9365,0,0
0.14645795038426,7747,0.93675,0,0
0.14645795436052,7748,0.937,0,0
0.1464579583367,7749,0.93725,0,0
0.14645796231279,7750,0.9375,0,0
0.1464579662888,7751,0.93775,0,0
0.14645797026472,7752,0.938,0,0
0.14645797424057,7753,0.93825,0,0
0.14645797821633,7754,0.9385,0,0
0.146457982192,7755,0.93875,0,0
0.1464579861676,7756,0.939,0,0
0.14645799014311,7757,0.93925,0,0
0.14645799411854,7758,0.9395,0,0
0.14645799809388,7759,0.93975,0,0
0.14645800206915,7760,0.94,0,0
0.14645800604433,7761,0.94025,0,0
0.14645801001942,7762,0.9405,0,0
0.14645801399444,7763,0.94075,0,0
0.14645801796937,7764,0.941,0,0
0.14645802194422,7765,0.94125,0,0
0.14645802591898,7766,0.9415,0,0
0.14645802989366,7767,0.94175,0,0
0.14645803386826,7768,0.942,0,0
0.14645803784278,7769,0.94225,0,0
0.14645804181722,7770,0.9425,0,0
0.14645804579157,7771,0.94275,0,0
0.14645804976584,7772,0.943,0,0
0.14645805374002,7773,0.94325,0,0
0.14645805771413,7774,0.9435,0,0
0.14645806168815,7775,0.94375,0,0
0.14645806566209,7776,0.944,0,0
0.14645806963594,7777,0.94425,0,0
0.14645807360971,7778,0.9445,0,0
0.14645807758341,7779,0.94475,0,0
0.14645808155701,7780,0.945,0,0
0.14645808553054,7781,0.94525,0,0
0.14645808950398,7782,0.9455,0,0
0.14645809347734,7783,0.94575,0,0
0.14645809745062,7784,0.946,0,0
0.14645810142382,7785,0.94625,0,0
0.14645810539693,7786,0.9465,0,0
0.14645810936996,7787,0.94675,0,0
0.14645811334291,7788,0.947,0,0
0.14645811731577,7789,0.94725,0,0
0.14645812128856,7790,0.9475,0,0
0.14645812526126,7791,0.94775,0,0
0.14645812923388,7792,0.948,0,0
0.14645813320641,7793,0.94825,0,0
0.14645813717887,7794,0.9485,0,0
0.14645814115124,7795,0.94875,0,0
0.14645814512353,7796,0.949,0,0
0.14645814909574,7797,0.94925,0,0
0.14645815306786,7798,0.9495,0,0
0.1464581570399,7799,0.94975,0,0
0.14645816101186,7800,0.95,0,0
0.14645816498374,7801,0.95025,0,0
0.14645816895554,7802,0.9505,0,0
0.14645817292725,7803,0.95075,0,0
0.14645817689888,7804,0.951,0,0
0.14645818087043,7805,0.95125,0,0
0.1464581848419,7806,0.9515,0,0
0.14645818881329,7807,0.95175,0,0
0.14645819278459,7808,0.952,0,0
0.14645819675581,7809,0.95225,0,0
0.14645820072695,7810,0.9525,0,0
0.14645820469801,7811,0.95275,0,0
0.14645820866898,7812,0.953,0,0
0.14645821263988,7813,0.95325,0,0
0.14645821661069,7814,0.9535,0,0
0.14645822058142,7815,0.95375,0,0
0.14645822455207,7816,0.954,0,0
0.14645822852263,7817,0.95425,0,0
0.14645823249311,7818,0.9545,0,0
0.14645823646352,7819,0.95475,0,0
0.14645824043384,7820,0.955,0,0
0.14645824440407,7821,0.95525,0,0
0.14645824837423,7822,0.9555,0,0
0.14645825234431,7823,0.95575,0,0
0.1464582563143,7824,0.956,0,0
0.14645826028421,7825,0.95625,0,0
0.14645826425404,7826,0.9565,0,0
0.14645826822379,7827,0.95675,0,0
0.14645827219345,7828,0.957,0,0
0.14645827616304,7829,0.95725,0,0
0.14645828013254,7830,0.9575,0,0
0.14645828410196,7831,0.95775,0,0
0.1464582880713,7832,0.958,0,0
0.14645829204055,7833,0.95825,0,0
0.14645829600973,7834,0.9585,0,0
0.14645829997882,7835,0.95875,0,0
0.14645830394784,7836,0.959,0,0
0.14645830791677,7837,0.95925,0,0
0.14645831188562,7838,0.9595,0,0
0.14645831585439,7839,0.95975,0,0
0.14645831982307,7840,0.96,0,0
0.14645832379168,7841,0.96025,0,0
0.1464583277602,7842,0.9605,0,0
0.14645833172864,7843,0.96075,0,0
0.146458335697,7844,0.961,0,0
0.14645833966528,7845,0.96125,0,0
0.14645834363348,7846,0.9615,0,0
0.1464583476016,7847,0.96175,0,0
0.14645835156963,7848,0.962,0,0
0.14645835553759,7849,0.96225,0,0
0.14645835950546,7850,0.9625,0,0
0.14645836347325,7851,0.96275,0,0
0.14645836744096,7852,0.963,0,0
0.14645837140859,7853,0.96325,0,0
0.14645837537614,7854,0.9635,0,0
0.1464583793436,7855,0.96375,0,0
0.14645838331099,7856,0.964,0,0
0.14645838727829,7857,0.96425,0,0
0.14645839124551,7858,0.9645,0,0
0.14645839521266,7859,0.96475,0,0
0.14645839917972,7860,0.965,0,0
0.14645840314669,7861,0.96525,0,0
0.14645840711359,7862,0.9655,0,0
0.14645841108041,7863,0.96575,0,0
0.14645841504715,7864,0.966,0,0
0.1464584190138,7865,0.96625,0,0
0.14645842298037,7866,0.9665,0,0
0.14645842694687,7867,0.96675,0,0
0.14645843091328,7868,0.967,0,0
0.14645843487961,7869,0.96725,0,0
0.14645843884586,7870,0.9675,0,0
0.14645844281203,7871,0.96775,0,0
0.14645844677812,7872,0.968,0,0
0.14645845074412,7873,0.96825,0,0
0.14645845471005,7874,0.9685,0,0
0.1464584586759,7875,0.96875,0,0
0.14645846264166,7876,0.969,0,0
0.14645846660734,7877,0.96925,0,0
0.14645847057295,7878,0.9695,0,0
0.14645847453847,7879,0.96975,0,0
0.14645847850391,7880,0.97,0,0
0.14645848246927,7881,0.97025,0,0
0.14645848643455,7882,0.9705,0,0
0.14645849039975,7883,0.97075,0,0
0.14645849436487,7884,0.971,0,0
0.14645849832991,7885,0.97125,0,0
0.14645850229486,7886,0.9715,0,0
0.14645850625974,7887,0.97175,0,0
0.14645851022454,7888,0.972,0,0
0.14645851418925,7889,0.97225,0,0
0.14645851815389,7890,0.9725,0,0
0.14645852211844,7891,0.97275,0,0
0.14645852608291,7892,0.973,0,0
0.14645853004731,7893,0.97325,0,0
0.14645853401162,7894,0.9735,0,0
0.14645853797585,7895,0.97375,0,0
0.14645854194,7896,0.974,0,0
0.14645854590407,7897,0.97425,0,0
0.14645854986806,7898,0.9745,0,0
0.14645855383197,7899,0.97475,0,0
0.1464585577958,7900,0.975,0,0
0.14645856175955,7901,0.97525,0,0
0.14645856572322,7902,0.9755,0,0
0.14645856968681,7903,0.97575,0,0
0.14645857365032,7904,0.976,0,0
0.14645857761375,7905,0.97625,0,0
0.1464585815771,7906,0.9765,0,0
0.14645858554036,7907,0.97675,0,0
0.14645858950355,7908,0.977,0,0
0.14645859346666,7909,0.97725,0,0
0.14645859742968,7910,0.9775,0,0
0.14645860139263,7911,0.97775,0,0
0.1464586053555,7912,0.978,0,0
0.14645860931828,7913,0.97825,0,0
0.14645861328099,7914,0.9785,0,0
0.14645861724362,7915,0.97875,0,0
0.14645862120616,7916,0.979,0,0
0.14645862516863,7917,0.97925,0,0
0.14645862913101,7918,0.9795,0,0
0.14645863309332,7919,0.97975,0,0
0.14645863705554,7920,0.98,0,0
0.14645864101769,7921,0.98025,0,0
0.14645864497976,7922,0.9805,0,0
0.14645864894174,7923,0.98075,0,0
0.14645865290365,7924,0.981,0,0
0.14645865686547,7925,0.98125,0,0
0.14645866082722,7926,0.9815,0,0
0.14645866478889,7927,0.98175,0,0
0.14645866875047,7928,0.982,0,0
0.14645867271198,7929,0.98225,0,0
0.1464586766734,7930,0.9825,0,0
0.14645868063475,7931,0.98275,0,0
0.14645868459602,7932,0.983,0,0
0.14645868855721,7933,0.98325,0,0
0.14645869251831,7934,0.9835,0,0
0.14645869647934,7935,0.98375,0,0
0.14645870044029,7936,0.984,0,0
0.14645870440116,7937,0.98425,0,0
0.14645870836195,7938,0.9845,0,0
0.14645871232265,7939,0.98475,0,0
0.14645871628328,7940,0.985,0,0
0.14645872024383,7941,0.98525,0,0
0.1464587242043,7942,0.9855,0,0
0.14645872816469,7943,0.98575,0,0
0.146458732125,7944,0.986,0,0
0.14645873608524,7945,0.98625,0,0
0.14645874004539,7946,0.9865,0,0
0.14645874400546,7947,0.98675,0,0
0.14645874796545,7948,0.987,0,0
0.14645875192537,7949,0.98725,0,0
0.1464587558852,7950,0.9875,0,0
0.14645875984495,7951,0.98775,0,0
0.14645876380463,7952,0.988,0,0
0.14645876776422,7953,0.98825,0,0
0.14645877172374,7954,0.9885,0,0
0.14645877568318,7955,0.98875,0,0
0.14645877964253,7956,0.989,0,0
0.14645878360181,7957,0.98925,0,0
0.14645878756101,7958,0.9895,0,0
0.14645879152013,7959,0.98975,0,0
0.14645879547917,7960,0.99,0,0
0.14645879943813,7961,0.99025,0,0
0.14645880339701,7962,0.9905,0,0
0.14645880735582,7963,0.99075,0,0
0.14645881131454,7964,0.991,0,0
0.14645881527319,7965,0.99125,0,0
0.14645881923175,7966,0.9915,0,0
0.14645882319024,7967,0.99175,0,0
0.14645882714864,7968,0.992,0,0
0.14645883110697,7969,0.99225,0,0
0.14645883506522,7970,0.9925,0,0
0.14645883902339,7971,0.99275,0,0
0.14645884298148,7972,0.993,0,0
0.14645884693949,7973,0.99325,0,0
0.14645885089743,7974,0.9935,0,0
0.14645885485528,7975,0.99375,0,0
0.14645885881305,7976,0.994,0,0
0.14645886277075,7977,0.99425,0,0
0.14645886672837,7978,0.9945,0,0
0.1464588706859,7979,0.99475,0,0
0.14645887464336,7980,0.995,0,0
0.14645887860074,7981,0.99525,0,0
0.14645888255805,7982,0.9955,0,0
0.14645888651527,7983,0.99575,0,0
0.14645889047241,7984,0.996,0,0
0.14645889442948,7985,0.99625,0,0
0.14645889838646,7986,0.9965,0,0
0.14645890234337,7987,0.99675,0,0
0.1464589063002,7988,0.997,0,0
0.14645891025695,7989,0.99725,0,0
0.14645891421362,7990,0.9975,0,0
0.14645891817022,7991,0.99775,0,0
0.14645892212669,7992,0.998,0,0
0.1464589260825,7993,0.99825,0,0
0.1464589300264,7994,0.9985,0,0
0.14645893374934,7995,0.99875,0,0
0.14645893327715,7996,0.999,0,0
0.14645885343648,7997,0.99925,0,0
0.14645727084517,7998,0.9995,0,0
0.14642730231614,7999,0.99975,0,0
0.14588099037587,8000,1,0,0
