id,psi,x,y,z
5000,0.14592587808543,0,0,0
15027,0.4387192466066,1.25e-05,0,0
15018,0.63250280030248,2.5e-05,0,0
15012,0.84413534224933,5e-05,0,0
15022,0.93468226402396,7.5e-05,0,0
15003,0.97385906929995,0.0001,0,0
15013,0.99749639380632,0.00015,0,0
5001,1.0009509945365,0.0002,0,0
15014,1.0014559698253,0.00025,0,0
15006,1.0015308321921,0.0003,0,0
5002,1.0015425467409,0.0004,0,0
5003,1.0015410236983,0.0006,0,0
5004,1.0015406442041,0.0008,0,0
5005,1.0015400238276,0.001,0,0
5006,1.0015394541913,0.0012,0,0
5007,1.0015388738666,0.0014,0,0
5008,1.0015382957931,0.0016,0,0
5009,1.0015377172451,0.0018,0,0
5010,1.0015371387967,0.002,0,0
5011,1.0015365603271,0.0022,0,0
5012,1.0015359818618,0.0024,0,0
5013,1.0015354033952,0.0026,0,0
5014,1.0015348249286,0.0028,0,0
5015,1.0015342464618,0.003,0,0
5016,1.0015336679947,0.0032,0,0
5017,1.0015330895274,0.0034,0,0
5018,1.0015325110599,0.0036,0,0
5019,1.0015319325922,0.0038,0,0
5020,1.0015313541242,0.004,0,0
5021,1.001530775656,0.0042,0,0
5022,1.0015301971876,0.0044,0,0
5023,1.0015296187189,0.0046,0,0
5024,1.0015290402501,0.0048,0,0
5025,1.001528461781,0.005,0,0
5026,1.0015278833116,0.0052,0,0
5027,1.0015273048421,0.0054,0,0
5028,1.0015267263723,0.0056,0,0
5029,1.0015261479023,0.0058,0,0
5030,1.0015255694321,0.006,0,0
5031,1.0015249909616,0.0062,0,0
5032,1.0015244124909,0.0064,0,0
5033,1.00152383402,0.0066,0,0
5034,1.0015232555488,0.0068,0,0
5035,1.0015226770775,0.007,0,0
5036,1.0015220986059,0.0072,0,0
5037,1.0015215201341,0.0074,0,0
5038,1.001520941662,0.0076,0,0
5039,1.0015203631897,0.0078,0,0
5040,1.0015197847172,0.008,0,0
5041,1.0015192062445,0.0082,0,0
5042,1.0015186277716,0.0084,0,0
5043,1.0015180492984,0.0086,0,0
5044,1.001517470825,0.0088,0,0
5045,1.0015168923513,0.009,0,0
5046,1.0015163138775,0.0092,0,0
5047,1.0015157354034,0.0094,0,0
5048,1.0015151569291,0.0096,0,0
5049,1.0015145784545,0.0098,0,0
5050,1.0015139999798,0.01,0,0
5051,1.0015134215048,0.0102,0,0
5052,1.0015128430296,0.0104,0,0
5053,1.0015122645541,0.0106,0,0
5054,1.0015116860785,0.0108,0,0
5055,1.0015111076026,0.011,0,0
5056,1.0015105291264,0.0112,0,0
5057,1.0015099506501,0.0114,0,0
5058,1.0015093721735,0.0116,0,0
5059,1.0015087936967,0.0118,0,0
5060,1.0015082152197,0.012,0,0
5061,1.0015076367424,0.0122,0,0
5062,1.0015070582649,0.0124,0,0
5063,1.0015064797872,0.0126,0,0
5064,1.0015059013093,0.0128,0,0
5065,1.0015053228311,0.013,0,0
5066,1.0015047443527,0.0132,0,0
5067,1.0015041658741,0.0134,0,0
5068,1.0015035873953,0.0136,0,0
5069,1.0015030089162,0.0138,0,0
5070,1.0015024304369,0.014,0,0
5071,1.0015018519574,0.0142,0,0
5072,1.0015012734776,0.0144,0,0
5073,1.0015006949976,0.0146,0,0
5074,1.0015001165174,0.0148,0,0
5075,1.001499538037,0.015,0,0
5076,1.0014989595564,0.0152,0,0
5077,1.0014983810755,0.0154,0,0
5078,1.0014978025944,0.0156,0,0
5079,1.001497224113,0.0158,0,0
5080,1.0014966456315,0.016,0,0
5081,1.0014960671497,0.0162,0,0
5082,1.0014954886677,0.0164,0,0
5083,1.0014949101854,0.0166,0,0
5084,1.001494331703,0.0168,0,0
5085,1.0014937532203,0.017,0,0
5086,1.0014931747373,0.0172,0,0
5087,1.0014925962542,0.0174,0,0
5088,1.0014920177708,0.0176,0,0
5089,1.0014914392872,0.0178,0,0
5090,1.0014908608034,0.018,0,0
5091,1.0014902823193,0.0182,0,0
5092,1.0014897038351,0.0184,0,0
5093,1.0014891253506,0.0186,0,0
5094,1.0014885468658,0.0188,0,0
5095,1.0014879683809,0.019,0,0
5096,1.0014873898957,0.0192,0,0
5097,1.0014868114103,0.0194,0,0
5098,1.0014862329246,0.0196,0,0
5099,1.0014856544388,0.0198,0,0
5100,1.0014850759527,0.02,0,0
5101,1.0014844974663,0.0202,0,0
5102,1.0014839189798,0.0204,0,0
5103,1.001483340493,0.0206,0,0
5104,1.001482762006,0.0208,0,0
5105,1.0014821835188,0.021,0,0
5106,1.0014816050314,0.0212,0,0
5107,1.0014810265437,0.0214,0,0
5108,1.0014804480558,0.0216,0,0
5109,1.0014798695676,0.0218,0,0
5110,1.0014792910793,0.022,0,0
5111,1.0014787125907,0.0222,0,0
5112,1.0014781341019,0.0224,0,0
5113,1.0014775556128,0.0226,0,0
5114,1.0014769771236,0.0228,0,0
5115,1.0014763986341,0.023,0,0
5116,1.0014758201444,0.0232,0,0
5117,1.0014752416544,0.0234,0,0
5118,1.0014746631643,0.0236,0,0
5119,1.0014740846739,0.0238,0,0
5120,1.0014735061832,0.024,0,0
5121,1.0014729276924,0.0242,0,0
5122,1.0014723492013,0.0244,0,0
5123,1.00147177071,0.0246,0,0
5124,1.0014711922185,0.0248,0,0
5125,1.0014706137267,0.025,0,0
5126,1.0014700352347,0.0252,0,0
5127,1.0014694567425,0.0254,0,0
5128,1.0014688782501,0.0256,0,0
5129,1.0014682997574,0.0258,0,0
5130,1.0014677212645,0.026,0,0
5131,1.0014671427714,0.0262,0,0
5132,1.0014665642781,0.0264,0,0
5133,1.0014659857845,0.0266,0,0
5134,1.0014654072907,0.0268,0,0
5135,1.0014648287967,0.027,0,0
5136,1.0014642503025,0.0272,0,0
5137,1.001463671808,0.0274,0,0
5138,1.0014630933133,0.0276,0,0
5139,1.0014625148184,0.0278,0,0
5140,1.0014619363232,0.028,0,0
5141,1.0014613578278,0.0282,0,0
5142,1.0014607793322,0.0284,0,0
5143,1.0014602008364,0.0286,0,0
5144,1.0014596223403,0.0288,0,0
5145,1.001459043844,0.029,0,0
5146,1.0014584653475,0.0292,0,0
5147,1.0014578868508,0.0294,0,0
5148,1.0014573083538,0.0296,0,0
5149,1.0014567298566,0.0298,0,0
5150,1.0014561513592,0.03,0,0
5151,1.0014555728615,0.0302,0,0
5152,1.0014549943637,0.0304,0,0
5153,1.0014544158656,0.0306,0,0
5154,1.0014538373672,0.0308,0,0
5155,1.0014532588687,0.031,0,0
5156,1.0014526803699,0.0312,0,0
5157,1.0014521018709,0.0314,0,0
5158,1.0014515233717,0.0316,0,0
5159,1.0014509448722,0.0318,0,0
5160,1.0014503663725,0.032,0,0
5161,1.0014497878726,0.0322,0,0
5162,1.0014492093725,0.0324,0,0
5163,1.0014486308721,0.0326,0,0
5164,1.0014480523715,0.0328,0,0
5165,1.0014474738707,0.033,0,0
5166,1.0014468953697,0.0332,0,0
5167,1.0014463168684,0.0334,0,0
5168,1.0014457383669,0.0336,0,0
5169,1.0014451598652,0.0338,0,0
5170,1.0014445813632,0.034,0,0
5171,1.001444002861,0.0342,0,0
5172,1.0014434243586,0.0344,0,0
5173,1.001442845856,0.0346,0,0
5174,1.0014422673531,0.0348,0,0
5175,1.0014416888501,0.035,0,0
5176,1.0014411103467,0.0352,0,0
5177,1.0014405318432,0.0354,0,0
5178,1.0014399533394,0.0356,0,0
5179,1.0014393748355,0.0358,0,0
5180,1.0014387963312,0.036,0,0
5181,1.0014382178268,0.0362,0,0
5182,1.0014376393221,0.0364,0,0
5183,1.0014370608172,0.0366,0,0
5184,1.0014364823121,0.0368,0,0
5185,1.0014359038068,0.037,0,0
5186,1.0014353253012,0.0372,0,0
5187,1.0014347467954,0.0374,0,0
5188,1.0014341682893,0.0376,0,0
5189,1.0014335897831,0.0378,0,0
5190,1.0014330112766,0.038,0,0
5191,1.0014324327699,0.0382,0,0
5192,1.001431854263,0.0384,0,0
5193,1.0014312757558,0.0386,0,0
5194,1.0014306972484,0.0388,0,0
5195,1.0014301187408,0.039,0,0
5196,1.001429540233,0.0392,0,0
5197,1.0014289617249,0.0394,0,0
5198,1.0014283832166,0.0396,0,0
5199,1.0014278047081,0.0398,0,0
5200,1.0014272261993,0.04,0,0
5201,1.0014266476903,0.0402,0,0
5202,1.0014260691811,0.0404,0,0
5203,1.0014254906717,0.0406,0,0
5204,1.0014249121621,0.0408,0,0
5205,1.0014243336522,0.041,0,0
5206,1.0014237551421,0.0412,0,0
5207,1.0014231766317,0.0414,0,0
5208,1.0014225981212,0.0416,0,0
5209,1.0014220196104,0.0418,0,0
5210,1.0014214410994,0.042,0,0
5211,1.0014208625881,0.0422,0,0
5212,1.0014202840767,0.0424,0,0
5213,1.001419705565,0.0426,0,0
5214,1.0014191270531,0.0428,0,0
5215,1.0014185485409,0.043,0,0
5216,1.0014179700285,0.0432,0,0
5217,1.0014173915159,0.0434,0,0
5218,1.0014168130031,0.0436,0,0
5219,1.0014162344901,0.0438,0,0
5220,1.0014156559768,0.044,0,0
5221,1.0014150774633,0.0442,0,0
5222,1.0014144989495,0.0444,0,0
5223,1.0014139204356,0.0446,0,0
5224,1.0014133419214,0.0448,0,0
5225,1.001412763407,0.045,0,0
5226,1.0014121848923,0.0452,0,0
5227,1.0014116063775,0.0454,0,0
5228,1.0014110278624,0.0456,0,0
5229,1.0014104493471,0.0458,0,0
5230,1.0014098708315,0.046,0,0
5231,1.0014092923157,0.0462,0,0
5232,1.0014087137997,0.0464,0,0
5233,1.0014081352835,0.0466,0,0
5234,1.0014075567671,0.0468,0,0
5235,1.0014069782504,0.047,0,0
5236,1.0014063997335,0.0472,0,0
5237,1.0014058212163,0.0474,0,0
5238,1.001405242699,0.0476,0,0
5239,1.0014046641814,0.0478,0,0
5240,1.0014040856636,0.048,0,0
5241,1.0014035071456,0.0482,0,0
5242,1.0014029286273,0.0484,0,0
5243,1.0014023501088,0.0486,0,0
5244,1.0014017715901,0.0488,0,0
5245,1.0014011930711,0.049,0,0
5246,1.001400614552,0.0492,0,0
5247,1.0014000360326,0.0494,0,0
5248,1.0013994575129,0.0496,0,0
5249,1.0013988789931,0.0498,0,0
5250,1.001398300473,0.05,0,0
5251,1.0013977219527,0.0502,0,0
5252,1.0013971434322,0.0504,0,0
5253,1.0013965649114,0.0506,0,0
5254,1.0013959863904,0.0508,0,0
5255,1.0013954078692,0.051,0,0
5256,1.0013948293478,0.0512,0,0
5257,1.0013942508261,0.0514,0,0
5258,1.0013936723042,0.0516,0,0
5259,1.0013930937821,0.0518,0,0
5260,1.0013925152598,0.052,0,0
5261,1.0013919367372,0.0522,0,0
5262,1.0013913582144,0.0524,0,0
5263,1.0013907796914,0.0526,0,0
5264,1.0013902011681,0.0528,0,0
5265,1.0013896226447,0.053,0,0
5266,1.001389044121,0.0532,0,0
5267,1.001388465597,0.0534,0,0
5268,1.0013878870729,0.0536,0,0
5269,1.0013873085485,0.0538,0,0
5270,1.0013867300239,0.054,0,0
5271,1.001386151499,0.0542,0,0
5272,1.001385572974,0.0544,0,0
5273,1.0013849944487,0.0546,0,0
5274,1.0013844159232,0.0548,0,0
5275,1.0013838373974,0.055,0,0
5276,1.0013832588715,0.0552,0,0
5277,1.0013826803453,0.0554,0,0
5278,1.0013821018189,0.0556,0,0
5279,1.0013815232922,0.0558,0,0
5280,1.0013809447653,0.056,0,0
5281,1.0013803662382,0.0562,0,0
5282,1.0013797877109,0.0564,0,0
5283,1.0013792091833,0.0566,0,0
5284,1.0013786306556,0.0568,0,0
5285,1.0013780521276,0.057,0,0
5286,1.0013774735993,0.0572,0,0
5287,1.0013768950709,0.0574,0,0
5288,1.0013763165422,0.0576,0,0
5289,1.0013757380133,0.0578,0,0
5290,1.0013751594841,0.058,0,0
5291,1.0013745809547,0.0582,0,0
5292,1.0013740024252,0.0584,0,0
5293,1.0013734238953,0.0586,0,0
5294,1.0013728453653,0.0588,0,0
5295,1.001372266835,0.059,0,0
5296,1.0013716883045,0.0592,0,0
5297,1.0013711097738,0.0594,0,0
5298,1.0013705312428,0.0596,0,0
5299,1.0013699527116,0.0598,0,0
5300,1.0013693741802,0.06,0,0
5301,1.0013687956486,0.0602,0,0
5302,1.0013682171167,0.0604,0,0
5303,1.0013676385847,0.0606,0,0
5304,1.0013670600523,0.0608,0,0
5305,1.0013664815198,0.061,0,0
5306,1.001365902987,0.0612,0,0
5307,1.001365324454,0.0614,0,0
5308,1.0013647459208,0.0616,0,0
5309,1.0013641673874,0.0618,0,0
5310,1.0013635888537,0.062,0,0
5311,1.0013630103198,0.0622,0,0
5312,1.0013624317857,0.0624,0,0
5313,1.0013618532513,0.0626,0,0
5314,1.0013612747167,0.0628,0,0
5315,1.0013606961819,0.063,0,0
5316,1.0013601176469,0.0632,0,0
5317,1.0013595391116,0.0634,0,0
5318,1.0013589605762,0.0636,0,0
5319,1.0013583820404,0.0638,0,0
5320,1.0013578035045,0.064,0,0
5321,1.0013572249683,0.0642,0,0
5322,1.0013566464319,0.0644,0,0
5323,1.0013560678953,0.0646,0,0
5324,1.0013554893585,0.0648,0,0
5325,1.0013549108214,0.065,0,0
5326,1.0013543322841,0.0652,0,0
5327,1.0013537537466,0.0654,0,0
5328,1.0013531752088,0.0656,0,0
5329,1.0013525966709,0.0658,0,0
5330,1.0013520181326,0.066,0,0
5331,1.0013514395942,0.0662,0,0
5332,1.0013508610556,0.0664,0,0
5333,1.0013502825167,0.0666,0,0
5334,1.0013497039776,0.0668,0,0
5335,1.0013491254382,0.067,0,0
5336,1.0013485468987,0.0672,0,0
5337,1.0013479683589,0.0674,0,0
5338,1.0013473898188,0.0676,0,0
5339,1.0013468112786,0.0678,0,0
5340,1.0013462327381,0.068,0,0
5341,1.0013456541974,0.0682,0,0
5342,1.0013450756565,0.0684,0,0
5343,1.0013444971154,0.0686,0,0
5344,1.001343918574,0.0688,0,0
5345,1.0013433400324,0.069,0,0
5346,1.0013427614905,0.0692,0,0
5347,1.0013421829485,0.0694,0,0
5348,1.0013416044062,0.0696,0,0
5349,1.0013410258637,0.0698,0,0
5350,1.001340447321,0.07,0,0
5351,1.001339868778,0.0702,0,0
5352,1.0013392902348,0.0704,0,0
5353,1.0013387116914,0.0706,0,0
5354,1.0013381331477,0.0708,0,0
5355,1.0013375546039,0.071,0,0
5356,1.0013369760598,0.0712,0,0
5357,1.0013363975154,0.0714,0,0
5358,1.0013358189709,0.0716,0,0
5359,1.0013352404261,0.0718,0,0
5360,1.0013346618811,0.072,0,0
5361,1.0013340833359,0.0722,0,0
5362,1.0013335047904,0.0724,0,0
5363,1.0013329262447,0.0726,0,0
5364,1.0013323476988,0.0728,0,0
5365,1.0013317691527,0.073,0,0
5366,1.0013311906063,0.0732,0,0
5367,1.0013306120597,0.0734,0,0
5368,1.0013300335129,0.0736,0,0
5369,1.0013294549659,0.0738,0,0
5370,1.0013288764186,0.074,0,0
5371,1.0013282978711,0.0742,0,0
5372,1.0013277193234,0.0744,0,0
5373,1.0013271407754,0.0746,0,0
5374,1.0013265622273,0.0748,0,0
5375,1.0013259836789,0.075,0,0
5376,1.0013254051302,0.0752,0,0
5377,1.0013248265814,0.0754,0,0
5378,1.0013242480323,0.0756,0,0
5379,1.001323669483,0.0758,0,0
5380,1.0013230909334,0.076,0,0
5381,1.0013225123837,0.0762,0,0
5382,1.0013219338337,0.0764,0,0
5383,1.0013213552835,0.0766,0,0
5384,1.001320776733,0.0768,0,0
5385,1.0013201981824,0.077,0,0
5386,1.0013196196315,0.0772,0,0
5387,1.0013190410803,0.0774,0,0
5388,1.001318462529,0.0776,0,0
5389,1.0013178839774,0.0778,0,0
5390,1.0013173054256,0.078,0,0
5391,1.0013167268736,0.0782,0,0
5392,1.0013161483213,0.0784,0,0
5393,1.0013155697688,0.0786,0,0
5394,1.0013149912161,0.0788,0,0
5395,1.0013144126632,0.079,0,0
5396,1.00131383411,0.0792,0,0
5397,1.0013132555566,0.0794,0,0
5398,1.001312677003,0.0796,0,0
5399,1.0013120984492,0.0798,0,0
5400,1.0013115198951,0.08,0,0
5401,1.0013109413408,0.0802,0,0
5402,1.0013103627863,0.0804,0,0
5403,1.0013097842316,0.0806,0,0
5404,1.0013092056766,0.0808,0,0
5405,1.0013086271214,0.081,0,0
5406,1.0013080485659,0.0812,0,0
5407,1.0013074700103,0.0814,0,0
5408,1.0013068914544,0.0816,0,0
5409,1.0013063128983,0.0818,0,0
5410,1.001305734342,0.082,0,0
5411,1.0013051557854,0.0822,0,0
5412,1.0013045772286,0.0824,0,0
5413,1.0013039986716,0.0826,0,0
5414,1.0013034201144,0.0828,0,0
5415,1.0013028415569,0.083,0,0
5416,1.0013022629992,0.0832,0,0
5417,1.0013016844413,0.0834,0,0
5418,1.0013011058831,0.0836,0,0
5419,1.0013005273247,0.0838,0,0
5420,1.0012999487661,0.084,0,0
5421,1.0012993702073,0.0842,0,0
5422,1.0012987916483,0.0844,0,0
5423,1.001298213089,0.0846,0,0
5424,1.0012976345295,0.0848,0,0
5425,1.0012970559697,0.085,0,0
5426,1.0012964774098,0.0852,0,0
5427,1.0012958988496,0.0854,0,0
5428,1.0012953202892,0.0856,0,0
5429,1.0012947417285,0.0858,0,0
5430,1.0012941631677,0.086,0,0
5431,1.0012935846066,0.0862,0,0
5432,1.0012930060452,0.0864,0,0
5433,1.0012924274837,0.0866,0,0
5434,1.0012918489219,0.0868,0,0
5435,1.0012912703599,0.087,0,0
5436,1.0012906917977,0.0872,0,0
5437,1.0012901132352,0.0874,0,0
5438,1.0012895346726,0.0876,0,0
5439,1.0012889561096,0.0878,0,0
5440,1.0012883775465,0.088,0,0
5441,1.0012877989832,0.0882,0,0
5442,1.0012872204196,0.0884,0,0
5443,1.0012866418557,0.0886,0,0
5444,1.0012860632917,0.0888,0,0
5445,1.0012854847274,0.089,0,0
5446,1.0012849061629,0.0892,0,0
5447,1.0012843275982,0.0894,0,0
5448,1.0012837490333,0.0896,0,0
5449,1.0012831704681,0.0898,0,0
5450,1.0012825919027,0.09,0,0
5451,1.0012820133371,0.0902,0,0
5452,1.0012814347712,0.0904,0,0
5453,1.0012808562051,0.0906,0,0
5454,1.0012802776388,0.0908,0,0
5455,1.0012796990723,0.091,0,0
5456,1.0012791205055,0.0912,0,0
5457,1.0012785419385,0.0914,0,0
5458,1.0012779633713,0.0916,0,0
5459,1.0012773848039,0.0918,0,0
5460,1.0012768062362,0.092,0,0
5461,1.0012762276683,0.0922,0,0
5462,1.0012756491002,0.0924,0,0
5463,1.0012750705319,0.0926,0,0
5464,1.0012744919633,0.0928,0,0
5465,1.0012739133945,0.093,0,0
5466,1.0012733348255,0.0932,0,0
5467,1.0012727562562,0.0934,0,0
5468,1.0012721776867,0.0936,0,0
5469,1.001271599117,0.0938,0,0
5470,1.0012710205471,0.094,0,0
5471,1.0012704419769,0.0942,0,0
5472,1.0012698634065,0.0944,0,0
5473,1.0012692848359,0.0946,0,0
5474,1.0012687062651,0.0948,0,0
5475,1.001268127694,0.095,0,0
5476,1.0012675491227,0.0952,0,0
5477,1.0012669705512,0.0954,0,0
5478,1.0012663919794,0.0956,0,0
5479,1.0012658134075,0.0958,0,0
5480,1.0012652348353,0.096,0,0
5481,1.0012646562628,0.0962,0,0
5482,1.0012640776902,0.0964,0,0
5483,1.0012634991173,0.0966,0,0
5484,1.0012629205442,0.0968,0,0
5485,1.0012623419709,0.097,0,0
5486,1.0012617633973,0.0972,0,0
5487,1.0012611848235,0.0974,0,0
5488,1.0012606062495,0.0976,0,0
5489,1.0012600276753,0.0978,0,0
5490,1.0012594491008,0.098,0,0
5491,1.0012588705261,0.0982,0,0
5492,1.0012582919512,0.0984,0,0
5493,1.001257713376,0.0986,0,0
5494,1.0012571348007,0.0988,0,0
5495,1.0012565562251,0.099,0,0
5496,1.0012559776492,0.0992,0,0
5497,1.0012553990732,0.0994,0,0
5498,1.0012548204969,0.0996,0,0
5499,1.0012542419204,0.0998,0,0
5500,1.0012536633437,0.1,0,0
5501,1.0012530847667,0.1002,0,0
5502,1.0012525061895,0.1004,0,0
5503,1.0012519276121,0.1006,0,0
5504,1.0012513490345,0.1008,0,0
5505,1.0012507704566,0.101,0,0
5506,1.0012501918785,0.1012,0,0
5507,1.0012496133002,0.1014,0,0
5508,1.0012490347216,0.1016,0,0
5509,1.0012484561429,0.1018,0,0
5510,1.0012478775639,0.102,0,0
5511,1.0012472989846,0.1022,0,0
5512,1.0012467204052,0.1024,0,0
5513,1.0012461418255,0.1026,0,0
5514,1.0012455632456,0.1028,0,0
5515,1.0012449846655,0.103,0,0
5516,1.0012444060851,0.1032,0,0
5517,1.0012438275045,0.1034,0,0
5518,1.0012432489237,0.1036,0,0
5519,1.0012426703427,0.1038,0,0
5520,1.0012420917614,0.104,0,0
5521,1.0012415131799,0.1042,0,0
5522,1.0012409345982,0.1044,0,0
5523,1.0012403560162,0.1046,0,0
5524,1.001239777434,0.1048,0,0
5525,1.0012391988516,0.105,0,0
5526,1.001238620269,0.1052,0,0
5527,1.0012380416862,0.1054,0,0
5528,1.0012374631031,0.1056,0,0
5529,1.0012368845198,0.1058,0,0
5530,1.0012363059362,0.106,0,0
5531,1.0012357273525,0.1062,0,0
5532,1.0012351487685,0.1064,0,0
5533,1.0012345701843,0.1066,0,0
5534,1.0012339915998,0.1068,0,0
5535,1.0012334130152,0.107,0,0
5536,1.0012328344303,0.1072,0,0
5537,1.0012322558452,0.1074,0,0
5538,1.0012316772598,0.1076,0,0
5539,1.0012310986742,0.1078,0,0
5540,1.0012305200884,0.108,0,0
5541,1.0012299415024,0.1082,0,0
5542,1.0012293629162,0.1084,0,0
5543,1.0012287843297,0.1086,0,0
5544,1.001228205743,0.1088,0,0
5545,1.001227627156,0.109,0,0
5546,1.0012270485689,0.1092,0,0
5547,1.0012264699815,0.1094,0,0
5548,1.0012258913939,0.1096,0,0
5549,1.001225312806,0.1098,0,0
5550,1.001224734218,0.11,0,0
5551,1.0012241556297,0.1102,0,0
5552,1.0012235770412,0.1104,0,0
5553,1.0012229984524,0.1106,0,0
5554,1.0012224198634,0.1108,0,0
5555,1.0012218412742,0.111,0,0
5556,1.0012212626848,0.1112,0,0
5557,1.0012206840951,0.1114,0,0
5558,1.0012201055053,0.1116,0,0
5559,1.0012195269152,0.1118,0,0
5560,1.0012189483248,0.112,0,0
5561,1.0012183697343,0.1122,0,0
5562,1.0012177911435,0.1124,0,0
5563,1.0012172125525,0.1126,0,0
5564,1.0012166339612,0.1128,0,0
5565,1.0012160553698,0.113,0,0
5566,1.0012154767781,0.1132,0,0
5567,1.0012148981861,0.1134,0,0
5568,1.001214319594,0.1136,0,0
5569,1.0012137410016,0.1138,0,0
5570,1.001213162409,0.114,0,0
5571,1.0012125838162,0.1142,0,0
5572,1.0012120052231,0.1144,0,0
5573,1.0012114266299,0.1146,0,0
5574,1.0012108480363,0.1148,0,0
5575,1.0012102694426,0.115,0,0
5576,1.0012096908486,0.1152,0,0
5577,1.0012091122545,0.1154,0,0
5578,1.00120853366,0.1156,0,0
5579,1.0012079550654,0.1158,0,0
5580,1.0012073764705,0.116,0,0
5581,1.0012067978754,0.1162,0,0
5582,1.0012062192801,0.1164,0,0
5583,1.0012056406846,0.1166,0,0
5584,1.0012050620888,0.1168,0,0
5585,1.0012044834928,0.117,0,0
5586,1.0012039048966,0.1172,0,0
5587,1.0012033263001,0.1174,0,0
5588,1.0012027477034,0.1176,0,0
5589,1.0012021691065,0.1178,0,0
5590,1.0012015905094,0.118,0,0
5591,1.001201011912,0.1182,0,0
5592,1.0012004333144,0.1184,0,0
5593,1.0011998547166,0.1186,0,0
5594,1.0011992761186,0.1188,0,0
5595,1.0011986975203,0.119,0,0
5596,1.0011981189218,0.1192,0,0
5597,1.0011975403231,0.1194,0,0
5598,1.0011969617242,0.1196,0,0
5599,1.001196383125,0.1198,0,0
5600,1.0011958045256,0.12,0,0
5601,1.0011952259259,0.1202,0,0
5602,1.0011946473261,0.1204,0,0
5603,1.001194068726,0.1206,0,0
5604,1.0011934901257,0.1208,0,0
5605,1.0011929115252,0.121,0,0
5606,1.0011923329244,0.1212,0,0
5607,1.0011917543234,0.1214,0,0
5608,1.0011911757222,0.1216,0,0
5609,1.0011905971208,0.1218,0,0
5610,1.0011900185191,0.122,0,0
5611,1.0011894399172,0.1222,0,0
5612,1.0011888613151,0.1224,0,0
5613,1.0011882827127,0.1226,0,0
5614,1.0011877041101,0.1228,0,0
5615,1.0011871255073,0.123,0,0
5616,1.0011865469043,0.1232,0,0
5617,1.0011859683011,0.1234,0,0
5618,1.0011853896976,0.1236,0,0
5619,1.0011848110939,0.1238,0,0
5620,1.0011842324899,0.124,0,0
5621,1.0011836538858,0.1242,0,0
5622,1.0011830752814,0.1244,0,0
5623,1.0011824966768,0.1246,0,0
5624,1.0011819180719,0.1248,0,0
5625,1.0011813394669,0.125,0,0
5626,1.0011807608616,0.1252,0,0
5627,1.001180182256,0.1254,0,0
5628,1.0011796036503,0.1256,0,0
5629,1.0011790250443,0.1258,0,0
5630,1.0011784464381,0.126,0,0
5631,1.0011778678317,0.1262,0,0
5632,1.001177289225,0.1264,0,0
5633,1.0011767106181,0.1266,0,0
5634,1.001176132011,0.1268,0,0
5635,1.0011755534037,0.127,0,0
5636,1.0011749747961,0.1272,0,0
5637,1.0011743961883,0.1274,0,0
5638,1.0011738175803,0.1276,0,0
5639,1.0011732389721,0.1278,0,0
5640,1.0011726603636,0.128,0,0
5641,1.0011720817549,0.1282,0,0
5642,1.001171503146,0.1284,0,0
5643,1.0011709245368,0.1286,0,0
5644,1.0011703459275,0.1288,0,0
5645,1.0011697673179,0.129,0,0
5646,1.001169188708,0.1292,0,0
5647,1.001168610098,0.1294,0,0
5648,1.0011680314877,0.1296,0,0
5649,1.0011674528772,0.1298,0,0
5650,1.0011668742665,0.13,0,0
5651,1.0011662956555,0.1302,0,0
5652,1.0011657170443,0.1304,0,0
5653,1.0011651384329,0.1306,0,0
5654,1.0011645598212,0.1308,0,0
5655,1.0011639812094,0.131,0,0
5656,1.0011634025973,0.1312,0,0
5657,1.0011628239849,0.1314,0,0
5658,1.0011622453724,0.1316,0,0
5659,1.0011616667596,0.1318,0,0
5660,1.0011610881466,0.132,0,0
5661,1.0011605095334,0.1322,0,0
5662,1.0011599309199,0.1324,0,0
5663,1.0011593523062,0.1326,0,0
5664,1.0011587736923,0.1328,0,0
5665,1.0011581950782,0.133,0,0
5666,1.0011576164638,0.1332,0,0
5667,1.0011570378492,0.1334,0,0
5668,1.0011564592344,0.1336,0,0
5669,1.0011558806194,0.1338,0,0
5670,1.0011553020041,0.134,0,0
5671,1.0011547233886,0.1342,0,0
5672,1.0011541447729,0.1344,0,0
5673,1.0011535661569,0.1346,0,0
5674,1.0011529875408,0.1348,0,0
5675,1.0011524089244,0.135,0,0
5676,1.0011518303077,0.1352,0,0
5677,1.0011512516909,0.1354,0,0
5678,1.0011506730738,0.1356,0,0
5679,1.0011500944565,0.1358,0,0
5680,1.0011495158389,0.136,0,0
5681,1.0011489372212,0.1362,0,0
5682,1.0011483586032,0.1364,0,0
5683,1.001147779985,0.1366,0,0
5684,1.0011472013665,0.1368,0,0
5685,1.0011466227478,0.137,0,0
5686,1.0011460441289,0.1372,0,0
5687,1.0011454655098,0.1374,0,0
5688,1.0011448868905,0.1376,0,0
5689,1.0011443082709,0.1378,0,0
5690,1.0011437296511,0.138,0,0
5691,1.0011431510311,0.1382,0,0
5692,1.0011425724108,0.1384,0,0
5693,1.0011419937903,0.1386,0,0
5694,1.0011414151696,0.1388,0,0
5695,1.0011408365487,0.139,0,0
5696,1.0011402579275,0.1392,0,0
5697,1.0011396793061,0.1394,0,0
5698,1.0011391006845,0.1396,0,0
5699,1.0011385220626,0.1398,0,0
5700,1.0011379434406,0.14,0,0
5701,1.0011373648183,0.1402,0,0
5702,1.0011367861957,0.1404,0,0
5703,1.001136207573,0.1406,0,0
5704,1.00113562895,0.1408,0,0
5705,1.0011350503268,0.141,0,0
5706,1.0011344717034,0.1412,0,0
5707,1.0011338930797,0.1414,0,0
5708,1.0011333144558,0.1416,0,0
5709,1.0011327358317,0.1418,0,0
5710,1.0011321572074,0.142,0,0
5711,1.0011315785828,0.1422,0,0
5712,1.001130999958,0.1424,0,0
5713,1.001130421333,0.1426,0,0
5714,1.0011298427077,0.1428,0,0
5715,1.0011292640823,0.143,0,0
5716,1.0011286854566,0.1432,0,0
5717,1.0011281068306,0.1434,0,0
5718,1.0011275282045,0.1436,0,0
5719,1.0011269495781,0.1438,0,0
5720,1.0011263709515,0.144,0,0
5721,1.0011257923247,0.1442,0,0
5722,1.0011252136976,0.1444,0,0
5723,1.0011246350703,0.1446,0,0
5724,1.0011240564428,0.1448,0,0
5725,1.0011234778151,0.145,0,0
5726,1.0011228991871,0.1452,0,0
5727,1.0011223205589,0.1454,0,0
5728,1.0011217419305,0.1456,0,0
5729,1.0011211633018,0.1458,0,0
5730,1.001120584673,0.146,0,0
5731,1.0011200060439,0.1462,0,0
5732,1.0011194274145,0.1464,0,0
5733,1.001118848785,0.1466,0,0
5734,1.0011182701552,0.1468,0,0
5735,1.0011176915252,0.147,0,0
5736,1.001117112895,0.1472,0,0
5737,1.0011165342645,0.1474,0,0
5738,1.0011159556338,0.1476,0,0
5739,1.0011153770029,0.1478,0,0
5740,1.0011147983718,0.148,0,0
5741,1.0011142197404,0.1482,0,0
5742,1.0011136411088,0.1484,0,0
5743,1.001113062477,0.1486,0,0
5744,1.0011124838449,0.1488,0,0
5745,1.0011119052126,0.149,0,0
5746,1.0011113265801,0.1492,0,0
5747,1.0011107479474,0.1494,0,0
5748,1.0011101693145,0.1496,0,0
5749,1.0011095906813,0.1498,0,0
5750,1.0011090120479,0.15,0,0
5751,1.0011084334142,0.1502,0,0
5752,1.0011078547804,0.1504,0,0
5753,1.0011072761463,0.1506,0,0
5754,1.001106697512,0.1508,0,0
5755,1.0011061188774,0.151,0,0
5756,1.0011055402427,0.1512,0,0
5757,1.0011049616077,0.1514,0,0
5758,1.0011043829724,0.1516,0,0
5759,1.001103804337,0.1518,0,0
5760,1.0011032257013,0.152,0,0
5761,1.0011026470654,0.1522,0,0
5762,1.0011020684293,0.1524,0,0
5763,1.0011014897929,0.1526,0,0
5764,1.0011009111563,0.1528,0,0
5765,1.0011003325195,0.153,0,0
5766,1.0010997538825,0.1532,0,0
5767,1.0010991752452,0.1534,0,0
5768,1.0010985966077,0.1536,0,0
5769,1.00109801797,0.1538,0,0
5770,1.0010974393321,0.154,0,0
5771,1.0010968606939,0.1542,0,0
5772,1.0010962820555,0.1544,0,0
5773,1.0010957034169,0.1546,0,0
5774,1.001095124778,0.1548,0,0
5775,1.001094546139,0.155,0,0
5776,1.0010939674997,0.1552,0,0
5777,1.0010933888601,0.1554,0,0
5778,1.0010928102204,0.1556,0,0
5779,1.0010922315804,0.1558,0,0
5780,1.0010916529402,0.156,0,0
5781,1.0010910742997,0.1562,0,0
5782,1.0010904956591,0.1564,0,0
5783,1.0010899170182,0.1566,0,0
5784,1.0010893383771,0.1568,0,0
5785,1.0010887597357,0.157,0,0
5786,1.0010881810941,0.1572,0,0
5787,1.0010876024523,0.1574,0,0
5788,1.0010870238103,0.1576,0,0
5789,1.0010864451681,0.1578,0,0
5790,1.0010858665256,0.158,0,0
5791,1.0010852878829,0.1582,0,0
5792,1.0010847092399,0.1584,0,0
5793,1.0010841305968,0.1586,0,0
5794,1.0010835519534,0.1588,0,0
5795,1.0010829733098,0.159,0,0
5796,1.001082394666,0.1592,0,0
5797,1.0010818160219,0.1594,0,0
5798,1.0010812373776,0.1596,0,0
5799,1.0010806587331,0.1598,0,0
5800,1.0010800800883,0.16,0,0
5801,1.0010795014434,0.1602,0,0
5802,1.0010789227982,0.1604,0,0
5803,1.0010783441527,0.1606,0,0
5804,1.0010777655071,0.1608,0,0
5805,1.0010771868612,0.161,0,0
5806,1.0010766082151,0.1612,0,0
5807,1.0010760295688,0.1614,0,0
5808,1.0010754509222,0.1616,0,0
5809,1.0010748722754,0.1618,0,0
5810,1.0010742936284,0.162,0,0
5811,1.0010737149812,0.1622,0,0
5812,1.0010731363337,0.1624,0,0
5813,1.001072557686,0.1626,0,0
5814,1.0010719790381,0.1628,0,0
5815,1.0010714003899,0.163,0,0
5816,1.0010708217416,0.1632,0,0
5817,1.001070243093,0.1634,0,0
5818,1.0010696644441,0.1636,0,0
5819,1.0010690857951,0.1638,0,0
5820,1.0010685071458,0.164,0,0
5821,1.0010679284963,0.1642,0,0
5822,1.0010673498465,0.1644,0,0
5823,1.0010667711966,0.1646,0,0
5824,1.0010661925464,0.1648,0,0
5825,1.001065613896,0.165,0,0
5826,1.0010650352453,0.1652,0,0
5827,1.0010644565945,0.1654,0,0
5828,1.0010638779434,0.1656,0,0
5829,1.0010632992921,0.1658,0,0
5830,1.0010627206405,0.166,0,0
5831,1.0010621419887,0.1662,0,0
5832,1.0010615633367,0.1664,0,0
5833,1.0010609846845,0.1666,0,0
5834,1.001060406032,0.1668,0,0
5835,1.0010598273794,0.167,0,0
5836,1.0010592487265,0.1672,0,0
5837,1.0010586700733,0.1674,0,0
5838,1.00105809142,0.1676,0,0
5839,1.0010575127664,0.1678,0,0
5840,1.0010569341125,0.168,0,0
5841,1.0010563554585,0.1682,0,0
5842,1.0010557768042,0.1684,0,0
5843,1.0010551981497,0.1686,0,0
5844,1.001054619495,0.1688,0,0
5845,1.0010540408401,0.169,0,0
5846,1.0010534621849,0.1692,0,0
5847,1.0010528835295,0.1694,0,0
5848,1.0010523048739,0.1696,0,0
5849,1.001051726218,0.1698,0,0
5850,1.0010511475619,0.17,0,0
5851,1.0010505689056,0.1702,0,0
5852,1.0010499902491,0.1704,0,0
5853,1.0010494115923,0.1706,0,0
5854,1.0010488329353,0.1708,0,0
5855,1.0010482542781,0.171,0,0
5856,1.0010476756206,0.1712,0,0
5857,1.001047096963,0.1714,0,0
5858,1.0010465183051,0.1716,0,0
5859,1.001045939647,0.1718,0,0
5860,1.0010453609886,0.172,0,0
5861,1.00104478233,0.1722,0,0
5862,1.0010442036712,0.1724,0,0
5863,1.0010436250122,0.1726,0,0
5864,1.0010430463529,0.1728,0,0
5865,1.0010424676934,0.173,0,0
5866,1.0010418890337,0.1732,0,0
5867,1.0010413103738,0.1734,0,0
5868,1.0010407317136,0.1736,0,0
5869,1.0010401530532,0.1738,0,0
5870,1.0010395743926,0.174,0,0
5871,1.0010389957318,0.1742,0,0
5872,1.0010384170707,0.1744,0,0
5873,1.0010378384094,0.1746,0,0
5874,1.0010372597479,0.1748,0,0
5875,1.0010366810861,0.175,0,0
5876,1.0010361024241,0.1752,0,0
5877,1.0010355237619,0.1754,0,0
5878,1.0010349450995,0.1756,0,0
5879,1.0010343664368,0.1758,0,0
5880,1.0010337877739,0.176,0,0
5881,1.0010332091108,0.1762,0,0
5882,1.0010326304475,0.1764,0,0
5883,1.0010320517839,0.1766,0,0
5884,1.0010314731201,0.1768,0,0
5885,1.0010308944561,0.177,0,0
5886,1.0010303157919,0.1772,0,0
5887,1.0010297371274,0.1774,0,0
5888,1.0010291584627,0.1776,0,0
5889,1.0010285797978,0.1778,0,0
5890,1.0010280011326,0.178,0,0
5891,1.0010274224672,0.1782,0,0
5892,1.0010268438016,0.1784,0,0
5893,1.0010262651358,0.1786,0,0
5894,1.0010256864697,0.1788,0,0
5895,1.0010251078034,0.179,0,0
5896,1.0010245291369,0.1792,0,0
5897,1.0010239504702,0.1794,0,0
5898,1.0010233718032,0.1796,0,0
5899,1.001022793136,0.1798,0,0
5900,1.0010222144686,0.18,0,0
5901,1.0010216358009,0.1802,0,0
5902,1.0010210571331,0.1804,0,0
5903,1.001020478465,0.1806,0,0
5904,1.0010198997966,0.1808,0,0
5905,1.0010193211281,0.181,0,0
5906,1.0010187424593,0.1812,0,0
5907,1.0010181637903,0.1814,0,0
5908,1.001017585121,0.1816,0,0
5909,1.0010170064516,0.1818,0,0
5910,1.0010164277819,0.182,0,0
5911,1.001015849112,0.1822,0,0
5912,1.0010152704418,0.1824,0,0
5913,1.0010146917714,0.1826,0,0
5914,1.0010141131008,0.1828,0,0
5915,1.00101353443,0.183,0,0
5916,1.001012955759,0.1832,0,0
5917,1.0010123770877,0.1834,0,0
5918,1.0010117984162,0.1836,0,0
5919,1.0010112197445,0.1838,0,0
5920,1.0010106410725,0.184,0,0
5921,1.0010100624003,0.1842,0,0
5922,1.0010094837279,0.1844,0,0
5923,1.0010089050553,0.1846,0,0
5924,1.0010083263824,0.1848,0,0
5925,1.0010077477093,0.185,0,0
5926,1.001007169036,0.1852,0,0
5927,1.0010065903624,0.1854,0,0
5928,1.0010060116887,0.1856,0,0
5929,1.0010054330147,0.1858,0,0
5930,1.0010048543404,0.186,0,0
5931,1.001004275666,0.1862,0,0
5932,1.0010036969913,0.1864,0,0
5933,1.0010031183164,0.1866,0,0
5934,1.0010025396413,0.1868,0,0
5935,1.0010019609659,0.187,0,0
5936,1.0010013822903,0.1872,0,0
5937,1.0010008036145,0.1874,0,0
5938,1.0010002249385,0.1876,0,0
5939,1.0009996462622,0.1878,0,0
5940,1.0009990675857,0.188,0,0
5941,1.000998488909,0.1882,0,0
5942,1.000997910232,0.1884,0,0
5943,1.0009973315549,0.1886,0,0
5944,1.0009967528775,0.1888,0,0
5945,1.0009961741998,0.189,0,0
5946,1.000995595522,0.1892,0,0
5947,1.0009950168439,0.1894,0,0
5948,1.0009944381656,0.1896,0,0
5949,1.0009938594871,0.1898,0,0
5950,1.0009932808083,0.19,0,0
5951,1.0009927021293,0.1902,0,0
5952,1.0009921234501,0.1904,0,0
5953,1.0009915447706,0.1906,0,0
5954,1.000990966091,0.1908,0,0
5955,1.0009903874111,0.191,0,0
5956,1.000989808731,0.1912,0,0
5957,1.0009892300506,0.1914,0,0
5958,1.00098865137,0.1916,0,0
5959,1.0009880726892,0.1918,0,0
5960,1.0009874940082,0.192,0,0
5961,1.0009869153269,0.1922,0,0
5962,1.0009863366455,0.1924,0,0
5963,1.0009857579637,0.1926,0,0
5964,1.0009851792818,0.1928,0,0
5965,1.0009846005996,0.193,0,0
5966,1.0009840219173,0.1932,0,0
5967,1.0009834432346,0.1934,0,0
5968,1.0009828645518,0.1936,0,0
5969,1.0009822858687,0.1938,0,0
5970,1.0009817071854,0.194,0,0
5971,1.0009811285019,0.1942,0,0
5972,1.0009805498181,0.1944,0,0
5973,1.0009799711342,0.1946,0,0
5974,1.00097939245,0.1948,0,0
5975,1.0009788137655,0.195,0,0
5976,1.0009782350809,0.1952,0,0
5977,1.000977656396,0.1954,0,0
5978,1.0009770777109,0.1956,0,0
5979,1.0009764990255,0.1958,0,0
5980,1.00097592034,0.196,0,0
5981,1.0009753416542,0.1962,0,0
5982,1.0009747629682,0.1964,0,0
5983,1.0009741842819,0.1966,0,0
5984,1.0009736055954,0.1968,0,0
5985,1.0009730269087,0.197,0,0
5986,1.0009724482218,0.1972,0,0
5987,1.0009718695347,0.1974,0,0
5988,1.0009712908473,0.1976,0,0
5989,1.0009707121597,0.1978,0,0
5990,1.0009701334718,0.198,0,0
5991,1.0009695547838,0.1982,0,0
5992,1.0009689760955,0.1984,0,0
5993,1.000968397407,0.1986,0,0
5994,1.0009678187182,0.1988,0,0
5995,1.0009672400293,0.199,0,0
5996,1.0009666613401,0.1992,0,0
5997,1.0009660826506,0.1994,0,0
5998,1.000965503961,0.1996,0,0
5999,1.0009649252711,0.1998,0,0
6000,1.000964346581,0.2,0,0
6001,1.0009637678907,0.2002,0,0
6002,1.0009631892001,0.2004,0,0
6003,1.0009626105094,0.2006,0,0
6004,1.0009620318183,0.2008,0,0
6005,1.0009614531271,0.201,0,0
6006,1.0009608744356,0.2012,0,0
6007,1.000960295744,0.2014,0,0
6008,1.000959717052,0.2016,0,0
6009,1.0009591383599,0.2018,0,0
6010,1.0009585596675,0.202,0,0
6011,1.0009579809749,0.2022,0,0
6012,1.0009574022821,0.2024,0,0
6013,1.0009568235891,0.2026,0,0
6014,1.0009562448958,0.2028,0,0
6015,1.0009556662023,0.203,0,0
6016,1.0009550875085,0.2032,0,0
6017,1.0009545088146,0.2034,0,0
6018,1.0009539301204,0.2036,0,0
6019,1.000953351426,0.2038,0,0
6020,1.0009527727313,0.204,0,0
6021,1.0009521940365,0.2042,0,0
6022,1.0009516153414,0.2044,0,0
6023,1.0009510366461,0.2046,0,0
6024,1.0009504579505,0.2048,0,0
6025,1.0009498792548,0.205,0,0
6026,1.0009493005588,0.2052,0,0
6027,1.0009487218625,0.2054,0,0
6028,1.0009481431661,0.2056,0,0
6029,1.0009475644694,0.2058,0,0
6030,1.0009469857725,0.206,0,0
6031,1.0009464070754,0.2062,0,0
6032,1.000945828378,0.2064,0,0
6033,1.0009452496804,0.2066,0,0
6034,1.0009446709826,0.2068,0,0
6035,1.0009440922846,0.207,0,0
6036,1.0009435135863,0.2072,0,0
6037,1.0009429348878,0.2074,0,0
6038,1.0009423561891,0.2076,0,0
6039,1.0009417774901,0.2078,0,0
6040,1.0009411987909,0.208,0,0
6041,1.0009406200915,0.2082,0,0
6042,1.0009400413919,0.2084,0,0
6043,1.0009394626921,0.2086,0,0
6044,1.000938883992,0.2088,0,0
6045,1.0009383052917,0.209,0,0
6046,1.0009377265911,0.2092,0,0
6047,1.0009371478904,0.2094,0,0
6048,1.0009365691894,0.2096,0,0
6049,1.0009359904882,0.2098,0,0
6050,1.0009354117867,0.21,0,0
6051,1.0009348330851,0.2102,0,0
6052,1.0009342543832,0.2104,0,0
6053,1.000933675681,0.2106,0,0
6054,1.0009330969787,0.2108,0,0
6055,1.0009325182761,0.211,0,0
6056,1.0009319395733,0.2112,0,0
6057,1.0009313608703,0.2114,0,0
6058,1.000930782167,0.2116,0,0
6059,1.0009302034635,0.2118,0,0
6060,1.0009296247598,0.212,0,0
6061,1.0009290460559,0.2122,0,0
6062,1.0009284673517,0.2124,0,0
6063,1.0009278886473,0.2126,0,0
6064,1.0009273099427,0.2128,0,0
6065,1.0009267312379,0.213,0,0
6066,1.0009261525328,0.2132,0,0
6067,1.0009255738275,0.2134,0,0
6068,1.000924995122,0.2136,0,0
6069,1.0009244164162,0.2138,0,0
6070,1.0009238377102,0.214,0,0
6071,1.000923259004,0.2142,0,0
6072,1.0009226802976,0.2144,0,0
6073,1.0009221015909,0.2146,0,0
6074,1.000921522884,0.2148,0,0
6075,1.0009209441769,0.215,0,0
6076,1.0009203654696,0.2152,0,0
6077,1.000919786762,0.2154,0,0
6078,1.0009192080542,0.2156,0,0
6079,1.0009186293462,0.2158,0,0
6080,1.000918050638,0.216,0,0
6081,1.0009174719295,0.2162,0,0
6082,1.0009168932208,0.2164,0,0
6083,1.0009163145118,0.2166,0,0
6084,1.0009157358027,0.2168,0,0
6085,1.0009151570933,0.217,0,0
6086,1.0009145783837,0.2172,0,0
6087,1.0009139996739,0.2174,0,0
6088,1.0009134209638,0.2176,0,0
6089,1.0009128422535,0.2178,0,0
6090,1.000912263543,0.218,0,0
6091,1.0009116848323,0.2182,0,0
6092,1.0009111061213,0.2184,0,0
6093,1.0009105274101,0.2186,0,0
6094,1.0009099486987,0.2188,0,0
6095,1.000909369987,0.219,0,0
6096,1.0009087912751,0.2192,0,0
6097,1.000908212563,0.2194,0,0
6098,1.0009076338507,0.2196,0,0
6099,1.0009070551381,0.2198,0,0
6100,1.0009064764254,0.22,0,0
6101,1.0009058977123,0.2202,0,0
6102,1.0009053189991,0.2204,0,0
6103,1.0009047402856,0.2206,0,0
6104,1.000904161572,0.2208,0,0
6105,1.000903582858,0.221,0,0
6106,1.0009030041439,0.2212,0,0
6107,1.0009024254295,0.2214,0,0
6108,1.0009018467149,0.2216,0,0
6109,1.0009012680001,0.2218,0,0
6110,1.000900689285,0.222,0,0
6111,1.0009001105698,0.2222,0,0
6112,1.0008995318542,0.2224,0,0
6113,1.0008989531385,0.2226,0,0
6114,1.0008983744226,0.2228,0,0
6115,1.0008977957064,0.223,0,0
6116,1.00089721699,0.2232,0,0
6117,1.0008966382733,0.2234,0,0
6118,1.0008960595564,0.2236,0,0
6119,1.0008954808393,0.2238,0,0
6120,1.000894902122,0.224,0,0
6121,1.0008943234045,0.2242,0,0
6122,1.0008937446867,0.2244,0,0
6123,1.0008931659687,0.2246,0,0
6124,1.0008925872505,0.2248,0,0
6125,1.000892008532,0.225,0,0
6126,1.0008914298133,0.2252,0,0
6127,1.0008908510944,0.2254,0,0
6128,1.0008902723753,0.2256,0,0
6129,1.0008896936559,0.2258,0,0
6130,1.0008891149363,0.226,0,0
6131,1.0008885362165,0.2262,0,0
6132,1.0008879574965,0.2264,0,0
6133,1.0008873787762,0.2266,0,0
6134,1.0008868000557,0.2268,0,0
6135,1.000886221335,0.227,0,0
6136,1.000885642614,0.2272,0,0
6137,1.0008850638929,0.2274,0,0
6138,1.0008844851715,0.2276,0,0
6139,1.0008839064498,0.2278,0,0
6140,1.000883327728,0.228,0,0
6141,1.0008827490059,0.2282,0,0
6142,1.0008821702836,0.2284,0,0
6143,1.000881591561,0.2286,0,0
6144,1.0008810128383,0.2288,0,0
6145,1.0008804341153,0.229,0,0
6146,1.000879855392,0.2292,0,0
6147,1.0008792766686,0.2294,0,0
6148,1.0008786979449,0.2296,0,0
6149,1.000878119221,0.2298,0,0
6150,1.0008775404969,0.23,0,0
6151,1.0008769617725,0.2302,0,0
6152,1.000876383048,0.2304,0,0
6153,1.0008758043232,0.2306,0,0
6154,1.0008752255981,0.2308,0,0
6155,1.0008746468729,0.231,0,0
6156,1.0008740681474,0.2312,0,0
6157,1.0008734894217,0.2314,0,0
6158,1.0008729106957,0.2316,0,0
6159,1.0008723319695,0.2318,0,0
6160,1.0008717532432,0.232,0,0
6161,1.0008711745165,0.2322,0,0
6162,1.0008705957897,0.2324,0,0
6163,1.0008700170626,0.2326,0,0
6164,1.0008694383353,0.2328,0,0
6165,1.0008688596078,0.233,0,0
6166,1.00086828088,0.2332,0,0
6167,1.000867702152,0.2334,0,0
6168,1.0008671234238,0.2336,0,0
6169,1.0008665446954,0.2338,0,0
6170,1.0008659659667,0.234,0,0
6171,1.0008653872378,0.2342,0,0
6172,1.0008648085087,0.2344,0,0
6173,1.0008642297794,0.2346,0,0
6174,1.0008636510498,0.2348,0,0
6175,1.00086307232,0.235,0,0
6176,1.00086249359,0.2352,0,0
6177,1.0008619148597,0.2354,0,0
6178,1.0008613361292,0.2356,0,0
6179,1.0008607573985,0.2358,0,0
6180,1.0008601786676,0.236,0,0
6181,1.0008595999364,0.2362,0,0
6182,1.0008590212051,0.2364,0,0
6183,1.0008584424734,0.2366,0,0
6184,1.0008578637416,0.2368,0,0
6185,1.0008572850095,0.237,0,0
6186,1.0008567062772,0.2372,0,0
6187,1.0008561275447,0.2374,0,0
6188,1.000855548812,0.2376,0,0
6189,1.000854970079,0.2378,0,0
6190,1.0008543913458,0.238,0,0
6191,1.0008538126124,0.2382,0,0
6192,1.0008532338787,0.2384,0,0
6193,1.0008526551448,0.2386,0,0
6194,1.0008520764107,0.2388,0,0
6195,1.0008514976764,0.239,0,0
6196,1.0008509189418,0.2392,0,0
6197,1.000850340207,0.2394,0,0
6198,1.000849761472,0.2396,0,0
6199,1.0008491827368,0.2398,0,0
6200,1.0008486040013,0.24,0,0
6201,1.0008480252656,0.2402,0,0
6202,1.0008474465297,0.2404,0,0
6203,1.0008468677935,0.2406,0,0
6204,1.0008462890572,0.2408,0,0
6205,1.0008457103206,0.241,0,0
6206,1.0008451315837,0.2412,0,0
6207,1.0008445528467,0.2414,0,0
6208,1.0008439741094,0.2416,0,0
6209,1.0008433953719,0.2418,0,0
6210,1.0008428166341,0.242,0,0
6211,1.0008422378962,0.2422,0,0
6212,1.000841659158,0.2424,0,0
6213,1.0008410804195,0.2426,0,0
6214,1.0008405016809,0.2428,0,0
6215,1.000839922942,0.243,0,0
6216,1.0008393442029,0.2432,0,0
6217,1.0008387654636,0.2434,0,0
6218,1.000838186724,0.2436,0,0
6219,1.0008376079843,0.2438,0,0
6220,1.0008370292443,0.244,0,0
6221,1.000836450504,0.2442,0,0
6222,1.0008358717636,0.2444,0,0
6223,1.0008352930229,0.2446,0,0
6224,1.000834714282,0.2448,0,0
6225,1.0008341355408,0.245,0,0
6226,1.0008335567994,0.2452,0,0
6227,1.0008329780579,0.2454,0,0
6228,1.000832399316,0.2456,0,0
6229,1.000831820574,0.2458,0,0
6230,1.0008312418317,0.246,0,0
6231,1.0008306630892,0.2462,0,0
6232,1.0008300843465,0.2464,0,0
6233,1.0008295056035,0.2466,0,0
6234,1.0008289268603,0.2468,0,0
6235,1.0008283481169,0.247,0,0
6236,1.0008277693733,0.2472,0,0
6237,1.0008271906294,0.2474,0,0
6238,1.0008266118853,0.2476,0,0
6239,1.000826033141,0.2478,0,0
6240,1.0008254543965,0.248,0,0
6241,1.0008248756517,0.2482,0,0
6242,1.0008242969067,0.2484,0,0
6243,1.0008237181615,0.2486,0,0
6244,1.000823139416,0.2488,0,0
6245,1.0008225606703,0.249,0,0
6246,1.0008219819244,0.2492,0,0
6247,1.0008214031783,0.2494,0,0
6248,1.0008208244319,0.2496,0,0
6249,1.0008202456854,0.2498,0,0
6250,1.0008196669385,0.25,0,0
6251,1.0008190881915,0.2502,0,0
6252,1.0008185094442,0.2504,0,0
6253,1.0008179306967,0.2506,0,0
6254,1.000817351949,0.2508,0,0
6255,1.0008167732011,0.251,0,0
6256,1.0008161944529,0.2512,0,0
6257,1.0008156157045,0.2514,0,0
6258,1.0008150369559,0.2516,0,0
6259,1.000814458207,0.2518,0,0
6260,1.0008138794579,0.252,0,0
6261,1.0008133007086,0.2522,0,0
6262,1.0008127219591,0.2524,0,0
6263,1.0008121432093,0.2526,0,0
6264,1.0008115644593,0.2528,0,0
6265,1.0008109857091,0.253,0,0
6266,1.0008104069587,0.2532,0,0
6267,1.000809828208,0.2534,0,0
6268,1.0008092494571,0.2536,0,0
6269,1.000808670706,0.2538,0,0
6270,1.0008080919546,0.254,0,0
6271,1.000807513203,0.2542,0,0
6272,1.0008069344512,0.2544,0,0
6273,1.0008063556992,0.2546,0,0
6274,1.0008057769469,0.2548,0,0
6275,1.0008051981945,0.255,0,0
6276,1.0008046194417,0.2552,0,0
6277,1.0008040406888,0.2554,0,0
6278,1.0008034619356,0.2556,0,0
6279,1.0008028831822,0.2558,0,0
6280,1.0008023044286,0.256,0,0
6281,1.0008017256748,0.2562,0,0
6282,1.0008011469207,0.2564,0,0
6283,1.0008005681664,0.2566,0,0
6284,1.0007999894119,0.2568,0,0
6285,1.0007994106571,0.257,0,0
6286,1.0007988319021,0.2572,0,0
6287,1.0007982531469,0.2574,0,0
6288,1.0007976743915,0.2576,0,0
6289,1.0007970956358,0.2578,0,0
6290,1.0007965168799,0.258,0,0
6291,1.0007959381238,0.2582,0,0
6292,1.0007953593675,0.2584,0,0
6293,1.0007947806109,0.2586,0,0
6294,1.0007942018541,0.2588,0,0
6295,1.0007936230971,0.259,0,0
6296,1.0007930443398,0.2592,0,0
6297,1.0007924655824,0.2594,0,0
6298,1.0007918868247,0.2596,0,0
6299,1.0007913080667,0.2598,0,0
6300,1.0007907293086,0.26,0,0
6301,1.0007901505502,0.2602,0,0
6302,1.0007895717916,0.2604,0,0
6303,1.0007889930327,0.2606,0,0
6304,1.0007884142737,0.2608,0,0
6305,1.0007878355144,0.261,0,0
6306,1.0007872567548,0.2612,0,0
6307,1.0007866779951,0.2614,0,0
6308,1.0007860992351,0.2616,0,0
6309,1.0007855204749,0.2618,0,0
6310,1.0007849417145,0.262,0,0
6311,1.0007843629538,0.2622,0,0
6312,1.000783784193,0.2624,0,0
6313,1.0007832054319,0.2626,0,0
6314,1.0007826266705,0.2628,0,0
6315,1.000782047909,0.263,0,0
6316,1.0007814691472,0.2632,0,0
6317,1.0007808903852,0.2634,0,0
6318,1.0007803116229,0.2636,0,0
6319,1.0007797328604,0.2638,0,0
6320,1.0007791540977,0.264,0,0
6321,1.0007785753348,0.2642,0,0
6322,1.0007779965717,0.2644,0,0
6323,1.0007774178083,0.2646,0,0
6324,1.0007768390447,0.2648,0,0
6325,1.0007762602809,0.265,0,0
6326,1.0007756815168,0.2652,0,0
6327,1.0007751027525,0.2654,0,0
6328,1.000774523988,0.2656,0,0
6329,1.0007739452233,0.2658,0,0
6330,1.0007733664583,0.266,0,0
6331,1.0007727876931,0.2662,0,0
6332,1.0007722089277,0.2664,0,0
6333,1.000771630162,0.2666,0,0
6334,1.0007710513962,0.2668,0,0
6335,1.0007704726301,0.267,0,0
6336,1.0007698938637,0.2672,0,0
6337,1.0007693150972,0.2674,0,0
6338,1.0007687363304,0.2676,0,0
6339,1.0007681575634,0.2678,0,0
6340,1.0007675787962,0.268,0,0
6341,1.0007670000287,0.2682,0,0
6342,1.000766421261,0.2684,0,0
6343,1.0007658424931,0.2686,0,0
6344,1.000765263725,0.2688,0,0
6345,1.0007646849566,0.269,0,0
6346,1.000764106188,0.2692,0,0
6347,1.0007635274192,0.2694,0,0
6348,1.0007629486501,0.2696,0,0
6349,1.0007623698808,0.2698,0,0
6350,1.0007617911113,0.27,0,0
6351,1.0007612123416,0.2702,0,0
6352,1.0007606335717,0.2704,0,0
6353,1.0007600548015,0.2706,0,0
6354,1.0007594760311,0.2708,0,0
6355,1.0007588972604,0.271,0,0
6356,1.0007583184896,0.2712,0,0
6357,1.0007577397185,0.2714,0,0
6358,1.0007571609471,0.2716,0,0
6359,1.0007565821756,0.2718,0,0
6360,1.0007560034038,0.272,0,0
6361,1.0007554246318,0.2722,0,0
6362,1.0007548458596,0.2724,0,0
6363,1.0007542670871,0.2726,0,0
6364,1.0007536883145,0.2728,0,0
6365,1.0007531095416,0.273,0,0
6366,1.0007525307684,0.2732,0,0
6367,1.0007519519951,0.2734,0,0
6368,1.0007513732215,0.2736,0,0
6369,1.0007507944477,0.2738,0,0
6370,1.0007502156736,0.274,0,0
6371,1.0007496368994,0.2742,0,0
6372,1.0007490581249,0.2744,0,0
6373,1.0007484793501,0.2746,0,0
6374,1.0007479005752,0.2748,0,0
6375,1.0007473218,0.275,0,0
6376,1.0007467430246,0.2752,0,0
6377,1.000746164249,0.2754,0,0
6378,1.0007455854731,0.2756,0,0
6379,1.000745006697,0.2758,0,0
6380,1.0007444279207,0.276,0,0
6381,1.0007438491442,0.2762,0,0
6382,1.0007432703674,0.2764,0,0
6383,1.0007426915904,0.2766,0,0
6384,1.0007421128132,0.2768,0,0
6385,1.0007415340358,0.277,0,0
6386,1.0007409552581,0.2772,0,0
6387,1.0007403764802,0.2774,0,0
6388,1.0007397977021,0.2776,0,0
6389,1.0007392189237,0.2778,0,0
6390,1.0007386401451,0.278,0,0
6391,1.0007380613663,0.2782,0,0
6392,1.0007374825873,0.2784,0,0
6393,1.000736903808,0.2786,0,0
6394,1.0007363250285,0.2788,0,0
6395,1.0007357462488,0.279,0,0
6396,1.0007351674689,0.2792,0,0
6397,1.0007345886887,0.2794,0,0
6398,1.0007340099083,0.2796,0,0
6399,1.0007334311277,0.2798,0,0
6400,1.0007328523468,0.28,0,0
6401,1.0007322735658,0.2802,0,0
6402,1.0007316947845,0.2804,0,0
6403,1.0007311160029,0.2806,0,0
6404,1.0007305372212,0.2808,0,0
6405,1.0007299584392,0.281,0,0
6406,1.000729379657,0.2812,0,0
6407,1.0007288008745,0.2814,0,0
6408,1.0007282220919,0.2816,0,0
6409,1.000727643309,0.2818,0,0
6410,1.0007270645259,0.282,0,0
6411,1.0007264857425,0.2822,0,0
6412,1.0007259069589,0.2824,0,0
6413,1.0007253281751,0.2826,0,0
6414,1.0007247493911,0.2828,0,0
6415,1.0007241706069,0.283,0,0
6416,1.0007235918224,0.2832,0,0
6417,1.0007230130377,0.2834,0,0
6418,1.0007224342527,0.2836,0,0
6419,1.0007218554676,0.2838,0,0
6420,1.0007212766822,0.284,0,0
6421,1.0007206978966,0.2842,0,0
6422,1.0007201191107,0.2844,0,0
6423,1.0007195403247,0.2846,0,0
6424,1.0007189615384,0.2848,0,0
6425,1.0007183827519,0.285,0,0
6426,1.0007178039651,0.2852,0,0
6427,1.0007172251781,0.2854,0,0
6428,1.0007166463909,0.2856,0,0
6429,1.0007160676035,0.2858,0,0
6430,1.0007154888158,0.286,0,0
6431,1.000714910028,0.2862,0,0
6432,1.0007143312398,0.2864,0,0
6433,1.0007137524515,0.2866,0,0
6434,1.0007131736629,0.2868,0,0
6435,1.0007125948741,0.287,0,0
6436,1.0007120160851,0.2872,0,0
6437,1.0007114372959,0.2874,0,0
6438,1.0007108585064,0.2876,0,0
6439,1.0007102797167,0.2878,0,0
6440,1.0007097009268,0.288,0,0
6441,1.0007091221366,0.2882,0,0
6442,1.0007085433462,0.2884,0,0
6443,1.0007079645556,0.2886,0,0
6444,1.0007073857648,0.2888,0,0
6445,1.0007068069737,0.289,0,0
6446,1.0007062281825,0.2892,0,0
6447,1.0007056493909,0.2894,0,0
6448,1.0007050705992,0.2896,0,0
6449,1.0007044918072,0.2898,0,0
6450,1.000703913015,0.29,0,0
6451,1.0007033342226,0.2902,0,0
6452,1.00070275543,0.2904,0,0
6453,1.0007021766371,0.2906,0,0
6454,1.000701597844,0.2908,0,0
6455,1.0007010190506,0.291,0,0
6456,1.0007004402571,0.2912,0,0
6457,1.0006998614633,0.2914,0,0
6458,1.0006992826693,0.2916,0,0
6459,1.000698703875,0.2918,0,0
6460,1.0006981250806,0.292,0,0
6461,1.0006975462859,0.2922,0,0
6462,1.000696967491,0.2924,0,0
6463,1.0006963886958,0.2926,0,0
6464,1.0006958099005,0.2928,0,0
6465,1.0006952311049,0.293,0,0
6466,1.000694652309,0.2932,0,0
6467,1.000694073513,0.2934,0,0
6468,1.0006934947167,0.2936,0,0
6469,1.0006929159202,0.2938,0,0
6470,1.0006923371234,0.294,0,0
6471,1.0006917583265,0.2942,0,0
6472,1.0006911795293,0.2944,0,0
6473,1.0006906007319,0.2946,0,0
6474,1.0006900219342,0.2948,0,0
6475,1.0006894431364,0.295,0,0
6476,1.0006888643383,0.2952,0,0
6477,1.0006882855399,0.2954,0,0
6478,1.0006877067414,0.2956,0,0
6479,1.0006871279426,0.2958,0,0
6480,1.0006865491436,0.296,0,0
6481,1.0006859703444,0.2962,0,0
6482,1.0006853915449,0.2964,0,0
6483,1.0006848127452,0.2966,0,0
6484,1.0006842339453,0.2968,0,0
6485,1.0006836551452,0.297,0,0
6486,1.0006830763448,0.2972,0,0
6487,1.0006824975442,0.2974,0,0
6488,1.0006819187434,0.2976,0,0
6489,1.0006813399424,0.2978,0,0
6490,1.0006807611411,0.298,0,0
6491,1.0006801823396,0.2982,0,0
6492,1.0006796035379,0.2984,0,0
6493,1.0006790247359,0.2986,0,0
6494,1.0006784459337,0.2988,0,0
6495,1.0006778671313,0.299,0,0
6496,1.0006772883287,0.2992,0,0
6497,1.0006767095258,0.2994,0,0
6498,1.0006761307227,0.2996,0,0
6499,1.0006755519194,0.2998,0,0
6500,1.0006749731159,0.3,0,0
6501,1.0006743943121,0.3002,0,0
6502,1.0006738155081,0.3004,0,0
6503,1.0006732367039,0.3006,0,0
6504,1.0006726578994,0.3008,0,0
6505,1.0006720790947,0.301,0,0
6506,1.0006715002898,0.3012,0,0
6507,1.0006709214847,0.3014,0,0
6508,1.0006703426793,0.3016,0,0
6509,1.0006697638738,0.3018,0,0
6510,1.0006691850679,0.302,0,0
6511,1.0006686062619,0.3022,0,0
6512,1.0006680274556,0.3024,0,0
6513,1.0006674486491,0.3026,0,0
6514,1.0006668698424,0.3028,0,0
6515,1.0006662910355,0.303,0,0
6516,1.0006657122283,0.3032,0,0
6517,1.0006651334209,0.3034,0,0
6518,1.0006645546133,0.3036,0,0
6519,1.0006639758054,0.3038,0,0
6520,1.0006633969973,0.304,0,0
6521,1.000662818189,0.3042,0,0
6522,1.0006622393805,0.3044,0,0
6523,1.0006616605717,0.3046,0,0
6524,1.0006610817627,0.3048,0,0
6525,1.0006605029535,0.305,0,0
6526,1.0006599241441,0.3052,0,0
6527,1.0006593453344,0.3054,0,0
6528,1.0006587665245,0.3056,0,0
6529,1.0006581877144,0.3058,0,0
6530,1.000657608904,0.306,0,0
6531,1.0006570300934,0.3062,0,0
6532,1.0006564512826,0.3064,0,0
6533,1.0006558724716,0.3066,0,0
6534,1.0006552936603,0.3068,0,0
6535,1.0006547148488,0.307,0,0
6536,1.0006541360371,0.3072,0,0
6537,1.0006535572252,0.3074,0,0
6538,1.000652978413,0.3076,0,0
6539,1.0006523996006,0.3078,0,0
6540,1.000651820788,0.308,0,0
6541,1.0006512419752,0.3082,0,0
6542,1.0006506631621,0.3084,0,0
6543,1.0006500843488,0.3086,0,0
6544,1.0006495055352,0.3088,0,0
6545,1.0006489267215,0.309,0,0
6546,1.0006483479075,0.3092,0,0
6547,1.0006477690933,0.3094,0,0
6548,1.0006471902789,0.3096,0,0
6549,1.0006466114642,0.3098,0,0
6550,1.0006460326493,0.31,0,0
6551,1.0006454538342,0.3102,0,0
6552,1.0006448750188,0.3104,0,0
6553,1.0006442962033,0.3106,0,0
6554,1.0006437173875,0.3108,0,0
6555,1.0006431385714,0.311,0,0
6556,1.0006425597552,0.3112,0,0
6557,1.0006419809387,0.3114,0,0
6558,1.000641402122,0.3116,0,0
6559,1.0006408233051,0.3118,0,0
6560,1.0006402444879,0.312,0,0
6561,1.0006396656705,0.3122,0,0
6562,1.0006390868529,0.3124,0,0
6563,1.000638508035,0.3126,0,0
6564,1.000637929217,0.3128,0,0
6565,1.0006373503987,0.313,0,0
6566,1.0006367715802,0.3132,0,0
6567,1.0006361927614,0.3134,0,0
6568,1.0006356139424,0.3136,0,0
6569,1.0006350351232,0.3138,0,0
6570,1.0006344563038,0.314,0,0
6571,1.0006338774841,0.3142,0,0
6572,1.0006332986643,0.3144,0,0
6573,1.0006327198441,0.3146,0,0
6574,1.0006321410238,0.3148,0,0
6575,1.0006315622032,0.315,0,0
6576,1.0006309833824,0.3152,0,0
6577,1.0006304045614,0.3154,0,0
6578,1.0006298257402,0.3156,0,0
6579,1.0006292469187,0.3158,0,0
6580,1.000628668097,0.316,0,0
6581,1.0006280892751,0.3162,0,0
6582,1.0006275104529,0.3164,0,0
6583,1.0006269316305,0.3166,0,0
6584,1.0006263528079,0.3168,0,0
6585,1.0006257739851,0.317,0,0
6586,1.000625195162,0.3172,0,0
6587,1.0006246163387,0.3174,0,0
6588,1.0006240375152,0.3176,0,0
6589,1.0006234586915,0.3178,0,0
6590,1.0006228798675,0.318,0,0
6591,1.0006223010433,0.3182,0,0
6592,1.0006217222189,0.3184,0,0
6593,1.0006211433942,0.3186,0,0
6594,1.0006205645694,0.3188,0,0
6595,1.0006199857442,0.319,0,0
6596,1.0006194069189,0.3192,0,0
6597,1.0006188280934,0.3194,0,0
6598,1.0006182492676,0.3196,0,0
6599,1.0006176704416,0.3198,0,0
6600,1.0006170916153,0.32,0,0
6601,1.0006165127888,0.3202,0,0
6602,1.0006159339621,0.3204,0,0
6603,1.0006153551352,0.3206,0,0
6604,1.0006147763081,0.3208,0,0
6605,1.0006141974807,0.321,0,0
6606,1.0006136186531,0.3212,0,0
6607,1.0006130398253,0.3214,0,0
6608,1.0006124609972,0.3216,0,0
6609,1.0006118821689,0.3218,0,0
6610,1.0006113033404,0.322,0,0
6611,1.0006107245117,0.3222,0,0
6612,1.0006101456827,0.3224,0,0
6613,1.0006095668535,0.3226,0,0
6614,1.0006089880241,0.3228,0,0
6615,1.0006084091945,0.323,0,0
6616,1.0006078303646,0.3232,0,0
6617,1.0006072515345,0.3234,0,0
6618,1.0006066727042,0.3236,0,0
6619,1.0006060938736,0.3238,0,0
6620,1.0006055150428,0.324,0,0
6621,1.0006049362118,0.3242,0,0
6622,1.0006043573806,0.3244,0,0
6623,1.0006037785491,0.3246,0,0
6624,1.0006031997174,0.3248,0,0
6625,1.0006026208855,0.325,0,0
6626,1.0006020420534,0.3252,0,0
6627,1.000601463221,0.3254,0,0
6628,1.0006008843884,0.3256,0,0
6629,1.0006003055556,0.3258,0,0
6630,1.0005997267225,0.326,0,0
6631,1.0005991478893,0.3262,0,0
6632,1.0005985690558,0.3264,0,0
6633,1.000597990222,0.3266,0,0
6634,1.0005974113881,0.3268,0,0
6635,1.0005968325539,0.327,0,0
6636,1.0005962537195,0.3272,0,0
6637,1.0005956748848,0.3274,0,0
6638,1.00059509605,0.3276,0,0
6639,1.0005945172149,0.3278,0,0
6640,1.0005939383796,0.328,0,0
6641,1.000593359544,0.3282,0,0
6642,1.0005927807082,0.3284,0,0
6643,1.0005922018722,0.3286,0,0
6644,1.000591623036,0.3288,0,0
6645,1.0005910441995,0.329,0,0
6646,1.0005904653629,0.3292,0,0
6647,1.000589886526,0.3294,0,0
6648,1.0005893076888,0.3296,0,0
6649,1.0005887288515,0.3298,0,0
6650,1.0005881500139,0.33,0,0
6651,1.000587571176,0.3302,0,0
6652,1.000586992338,0.3304,0,0
6653,1.0005864134997,0.3306,0,0
6654,1.0005858346612,0.3308,0,0
6655,1.0005852558225,0.331,0,0
6656,1.0005846769836,0.3312,0,0
6657,1.0005840981444,0.3314,0,0
6658,1.000583519305,0.3316,0,0
6659,1.0005829404653,0.3318,0,0
6660,1.0005823616255,0.332,0,0
6661,1.0005817827854,0.3322,0,0
6662,1.0005812039451,0.3324,0,0
6663,1.0005806251045,0.3326,0,0
6664,1.0005800462638,0.3328,0,0
6665,1.0005794674228,0.333,0,0
6666,1.0005788885815,0.3332,0,0
6667,1.0005783097401,0.3334,0,0
6668,1.0005777308984,0.3336,0,0
6669,1.0005771520565,0.3338,0,0
6670,1.0005765732144,0.334,0,0
6671,1.000575994372,0.3342,0,0
6672,1.0005754155294,0.3344,0,0
6673,1.0005748366866,0.3346,0,0
6674,1.0005742578436,0.3348,0,0
6675,1.0005736790003,0.335,0,0
6676,1.0005731001568,0.3352,0,0
6677,1.0005725213131,0.3354,0,0
6678,1.0005719424692,0.3356,0,0
6679,1.000571363625,0.3358,0,0
6680,1.0005707847806,0.336,0,0
6681,1.000570205936,0.3362,0,0
6682,1.0005696270911,0.3364,0,0
6683,1.000569048246,0.3366,0,0
6684,1.0005684694007,0.3368,0,0
6685,1.0005678905552,0.337,0,0
6686,1.0005673117094,0.3372,0,0
6687,1.0005667328634,0.3374,0,0
6688,1.0005661540172,0.3376,0,0
6689,1.0005655751708,0.3378,0,0
6690,1.0005649963241,0.338,0,0
6691,1.0005644174772,0.3382,0,0
6692,1.0005638386301,0.3384,0,0
6693,1.0005632597827,0.3386,0,0
6694,1.0005626809352,0.3388,0,0
6695,1.0005621020873,0.339,0,0
6696,1.0005615232393,0.3392,0,0
6697,1.0005609443911,0.3394,0,0
6698,1.0005603655426,0.3396,0,0
6699,1.0005597866939,0.3398,0,0
6700,1.0005592078449,0.34,0,0
6701,1.0005586289957,0.3402,0,0
6702,1.0005580501464,0.3404,0,0
6703,1.0005574712967,0.3406,0,0
6704,1.0005568924469,0.3408,0,0
6705,1.0005563135968,0.341,0,0
6706,1.0005557347465,0.3412,0,0
6707,1.000555155896,0.3414,0,0
6708,1.0005545770452,0.3416,0,0
6709,1.0005539981942,0.3418,0,0
6710,1.000553419343,0.342,0,0
6711,1.0005528404916,0.3422,0,0
6712,1.0005522616399,0.3424,0,0
6713,1.000551682788,0.3426,0,0
6714,1.0005511039359,0.3428,0,0
6715,1.0005505250836,0.343,0,0
6716,1.000549946231,0.3432,0,0
6717,1.0005493673782,0.3434,0,0
6718,1.0005487885252,0.3436,0,0
6719,1.0005482096719,0.3438,0,0
6720,1.0005476308184,0.344,0,0
6721,1.0005470519647,0.3442,0,0
6722,1.0005464731108,0.3444,0,0
6723,1.0005458942566,0.3446,0,0
6724,1.0005453154022,0.3448,0,0
6725,1.0005447365476,0.345,0,0
6726,1.0005441576928,0.3452,0,0
6727,1.0005435788377,0.3454,0,0
6728,1.0005429999824,0.3456,0,0
6729,1.0005424211269,0.3458,0,0
6730,1.0005418422711,0.346,0,0
6731,1.0005412634152,0.3462,0,0
6732,1.0005406845589,0.3464,0,0
6733,1.0005401057025,0.3466,0,0
6734,1.0005395268459,0.3468,0,0
6735,1.000538947989,0.347,0,0
6736,1.0005383691319,0.3472,0,0
6737,1.0005377902745,0.3474,0,0
6738,1.000537211417,0.3476,0,0
6739,1.0005366325592,0.3478,0,0
6740,1.0005360537011,0.348,0,0
6741,1.0005354748429,0.3482,0,0
6742,1.0005348959844,0.3484,0,0
6743,1.0005343171257,0.3486,0,0
6744,1.0005337382668,0.3488,0,0
6745,1.0005331594076,0.349,0,0
6746,1.0005325805482,0.3492,0,0
6747,1.0005320016886,0.3494,0,0
6748,1.0005314228288,0.3496,0,0
6749,1.0005308439687,0.3498,0,0
6750,1.0005302651084,0.35,0,0
6751,1.0005296862479,0.3502,0,0
6752,1.0005291073872,0.3504,0,0
6753,1.0005285285262,0.3506,0,0
6754,1.000527949665,0.3508,0,0
6755,1.0005273708036,0.351,0,0
6756,1.0005267919419,0.3512,0,0
6757,1.00052621308,0.3514,0,0
6758,1.0005256342179,0.3516,0,0
6759,1.0005250553556,0.3518,0,0
6760,1.000524476493,0.352,0,0
6761,1.0005238976302,0.3522,0,0
6762,1.0005233187672,0.3524,0,0
6763,1.000522739904,0.3526,0,0
6764,1.0005221610405,0.3528,0,0
6765,1.0005215821768,0.353,0,0
6766,1.0005210033129,0.3532,0,0
6767,1.0005204244487,0.3534,0,0
6768,1.0005198455844,0.3536,0,0
6769,1.0005192667198,0.3538,0,0
6770,1.0005186878549,0.354,0,0
6771,1.0005181089899,0.3542,0,0
6772,1.0005175301246,0.3544,0,0
6773,1.0005169512591,0.3546,0,0
6774,1.0005163723933,0.3548,0,0
6775,1.0005157935274,0.355,0,0
6776,1.0005152146612,0.3552,0,0
6777,1.0005146357947,0.3554,0,0
6778,1.0005140569281,0.3556,0,0
6779,1.0005134780612,0.3558,0,0
6780,1.0005128991941,0.356,0,0
6781,1.0005123203268,0.3562,0,0
6782,1.0005117414592,0.3564,0,0
6783,1.0005111625914,0.3566,0,0
6784,1.0005105837234,0.3568,0,0
6785,1.0005100048552,0.357,0,0
6786,1.0005094259867,0.3572,0,0
6787,1.000508847118,0.3574,0,0
6788,1.0005082682491,0.3576,0,0
6789,1.00050768938,0.3578,0,0
6790,1.0005071105106,0.358,0,0
6791,1.000506531641,0.3582,0,0
6792,1.0005059527712,0.3584,0,0
6793,1.0005053739011,0.3586,0,0
6794,1.0005047950308,0.3588,0,0
6795,1.0005042161603,0.359,0,0
6796,1.0005036372896,0.3592,0,0
6797,1.0005030584186,0.3594,0,0
6798,1.0005024795474,0.3596,0,0
6799,1.000501900676,0.3598,0,0
6800,1.0005013218044,0.36,0,0
6801,1.0005007429325,0.3602,0,0
6802,1.0005001640604,0.3604,0,0
6803,1.0004995851881,0.3606,0,0
6804,1.0004990063155,0.3608,0,0
6805,1.0004984274428,0.361,0,0
6806,1.0004978485698,0.3612,0,0
6807,1.0004972696965,0.3614,0,0
6808,1.0004966908231,0.3616,0,0
6809,1.0004961119494,0.3618,0,0
6810,1.0004955330755,0.362,0,0
6811,1.0004949542013,0.3622,0,0
6812,1.0004943753269,0.3624,0,0
6813,1.0004937964524,0.3626,0,0
6814,1.0004932175775,0.3628,0,0
6815,1.0004926387025,0.363,0,0
6816,1.0004920598272,0.3632,0,0
6817,1.0004914809517,0.3634,0,0
6818,1.000490902076,0.3636,0,0
6819,1.0004903232,0.3638,0,0
6820,1.0004897443238,0.364,0,0
6821,1.0004891654474,0.3642,0,0
6822,1.0004885865708,0.3644,0,0
6823,1.0004880076939,0.3646,0,0
6824,1.0004874288168,0.3648,0,0
6825,1.0004868499395,0.365,0,0
6826,1.000486271062,0.3652,0,0
6827,1.0004856921842,0.3654,0,0
6828,1.0004851133062,0.3656,0,0
6829,1.000484534428,0.3658,0,0
6830,1.0004839555495,0.366,0,0
6831,1.0004833766708,0.3662,0,0
6832,1.0004827977919,0.3664,0,0
6833,1.0004822189128,0.3666,0,0
6834,1.0004816400334,0.3668,0,0
6835,1.0004810611538,0.367,0,0
6836,1.000480482274,0.3672,0,0
6837,1.000479903394,0.3674,0,0
6838,1.0004793245137,0.3676,0,0
6839,1.0004787456332,0.3678,0,0
6840,1.0004781667525,0.368,0,0
6841,1.0004775878715,0.3682,0,0
6842,1.0004770089903,0.3684,0,0
6843,1.0004764301089,0.3686,0,0
6844,1.0004758512273,0.3688,0,0
6845,1.0004752723454,0.369,0,0
6846,1.0004746934633,0.3692,0,0
6847,1.000474114581,0.3694,0,0
6848,1.0004735356985,0.3696,0,0
6849,1.0004729568157,0.3698,0,0
6850,1.0004723779327,0.37,0,0
6851,1.0004717990495,0.3702,0,0
6852,1.000471220166,0.3704,0,0
6853,1.0004706412824,0.3706,0,0
6854,1.0004700623985,0.3708,0,0
6855,1.0004694835143,0.371,0,0
6856,1.00046890463,0.3712,0,0
6857,1.0004683257454,0.3714,0,0
6858,1.0004677468606,0.3716,0,0
6859,1.0004671679755,0.3718,0,0
6860,1.0004665890903,0.372,0,0
6861,1.0004660102048,0.3722,0,0
6862,1.0004654313191,0.3724,0,0
6863,1.0004648524331,0.3726,0,0
6864,1.0004642735469,0.3728,0,0
6865,1.0004636946605,0.373,0,0
6866,1.0004631157739,0.3732,0,0
6867,1.000462536887,0.3734,0,0
6868,1.000461958,0.3736,0,0
6869,1.0004613791127,0.3738,0,0
6870,1.0004608002251,0.374,0,0
6871,1.0004602213374,0.3742,0,0
6872,1.0004596424494,0.3744,0,0
6873,1.0004590635611,0.3746,0,0
6874,1.0004584846727,0.3748,0,0
6875,1.000457905784,0.375,0,0
6876,1.0004573268951,0.3752,0,0
6877,1.000456748006,0.3754,0,0
6878,1.0004561691166,0.3756,0,0
6879,1.0004555902271,0.3758,0,0
6880,1.0004550113373,0.376,0,0
6881,1.0004544324472,0.3762,0,0
6882,1.000453853557,0.3764,0,0
6883,1.0004532746665,0.3766,0,0
6884,1.0004526957758,0.3768,0,0
6885,1.0004521168848,0.377,0,0
6886,1.0004515379936,0.3772,0,0
6887,1.0004509591022,0.3774,0,0
6888,1.0004503802106,0.3776,0,0
6889,1.0004498013188,0.3778,0,0
6890,1.0004492224267,0.378,0,0
6891,1.0004486435344,0.3782,0,0
6892,1.0004480646419,0.3784,0,0
6893,1.0004474857491,0.3786,0,0
6894,1.0004469068561,0.3788,0,0
6895,1.0004463279629,0.379,0,0
6896,1.0004457490695,0.3792,0,0
6897,1.0004451701758,0.3794,0,0
6898,1.0004445912819,0.3796,0,0
6899,1.0004440123878,0.3798,0,0
6900,1.0004434334934,0.38,0,0
6901,1.0004428545988,0.3802,0,0
6902,1.000442275704,0.3804,0,0
6903,1.000441696809,0.3806,0,0
6904,1.0004411179137,0.3808,0,0
6905,1.0004405390183,0.381,0,0
6906,1.0004399601226,0.3812,0,0
6907,1.0004393812266,0.3814,0,0
6908,1.0004388023304,0.3816,0,0
6909,1.0004382234341,0.3818,0,0
6910,1.0004376445374,0.382,0,0
6911,1.0004370656406,0.3822,0,0
6912,1.0004364867435,0.3824,0,0
6913,1.0004359078462,0.3826,0,0
6914,1.0004353289487,0.3828,0,0
6915,1.0004347500509,0.383,0,0
6916,1.0004341711529,0.3832,0,0
6917,1.0004335922547,0.3834,0,0
6918,1.0004330133563,0.3836,0,0
6919,1.0004324344576,0.3838,0,0
6920,1.0004318555587,0.384,0,0
6921,1.0004312766596,0.3842,0,0
6922,1.0004306977603,0.3844,0,0
6923,1.0004301188607,0.3846,0,0
6924,1.0004295399609,0.3848,0,0
6925,1.0004289610609,0.385,0,0
6926,1.0004283821606,0.3852,0,0
6927,1.0004278032602,0.3854,0,0
6928,1.0004272243594,0.3856,0,0
6929,1.0004266454585,0.3858,0,0
6930,1.0004260665573,0.386,0,0
6931,1.000425487656,0.3862,0,0
6932,1.0004249087543,0.3864,0,0
6933,1.0004243298525,0.3866,0,0
6934,1.0004237509504,0.3868,0,0
6935,1.0004231720481,0.387,0,0
6936,1.0004225931456,0.3872,0,0
6937,1.0004220142429,0.3874,0,0
6938,1.0004214353399,0.3876,0,0
6939,1.0004208564367,0.3878,0,0
6940,1.0004202775332,0.388,0,0
6941,1.0004196986296,0.3882,0,0
6942,1.0004191197257,0.3884,0,0
6943,1.0004185408216,0.3886,0,0
6944,1.0004179619172,0.3888,0,0
6945,1.0004173830127,0.389,0,0
6946,1.0004168041079,0.3892,0,0
6947,1.0004162252029,0.3894,0,0
6948,1.0004156462976,0.3896,0,0
6949,1.0004150673921,0.3898,0,0
6950,1.0004144884864,0.39,0,0
6951,1.0004139095805,0.3902,0,0
6952,1.0004133306743,0.3904,0,0
6953,1.000412751768,0.3906,0,0
6954,1.0004121728613,0.3908,0,0
6955,1.0004115939545,0.391,0,0
6956,1.0004110150474,0.3912,0,0
6957,1.0004104361402,0.3914,0,0
6958,1.0004098572326,0.3916,0,0
6959,1.0004092783249,0.3918,0,0
6960,1.0004086994169,0.392,0,0
6961,1.0004081205087,0.3922,0,0
6962,1.0004075416003,0.3924,0,0
6963,1.0004069626916,0.3926,0,0
6964,1.0004063837827,0.3928,0,0
6965,1.0004058048736,0.393,0,0
6966,1.0004052259643,0.3932,0,0
6967,1.0004046470547,0.3934,0,0
6968,1.0004040681449,0.3936,0,0
6969,1.0004034892349,0.3938,0,0
6970,1.0004029103247,0.394,0,0
6971,1.0004023314142,0.3942,0,0
6972,1.0004017525035,0.3944,0,0
6973,1.0004011735926,0.3946,0,0
6974,1.0004005946814,0.3948,0,0
6975,1.00040001577,0.395,0,0
6976,1.0003994368584,0.3952,0,0
6977,1.0003988579466,0.3954,0,0
6978,1.0003982790345,0.3956,0,0
6979,1.0003977001223,0.3958,0,0
6980,1.0003971212097,0.396,0,0
6981,1.000396542297,0.3962,0,0
6982,1.000395963384,0.3964,0,0
6983,1.0003953844708,0.3966,0,0
6984,1.0003948055574,0.3968,0,0
6985,1.0003942266438,0.397,0,0
6986,1.0003936477299,0.3972,0,0
6987,1.0003930688158,0.3974,0,0
6988,1.0003924899014,0.3976,0,0
6989,1.0003919109869,0.3978,0,0
6990,1.0003913320721,0.398,0,0
6991,1.0003907531571,0.3982,0,0
6992,1.0003901742418,0.3984,0,0
6993,1.0003895953264,0.3986,0,0
6994,1.0003890164107,0.3988,0,0
6995,1.0003884374948,0.399,0,0
6996,1.0003878585786,0.3992,0,0
6997,1.0003872796622,0.3994,0,0
6998,1.0003867007456,0.3996,0,0
6999,1.0003861218288,0.3998,0,0
7000,1.0003855429117,0.4,0,0
7001,1.0003849639944,0.4002,0,0
7002,1.0003843850769,0.4004,0,0
7003,1.0003838061592,0.4006,0,0
7004,1.0003832272412,0.4008,0,0
7005,1.000382648323,0.401,0,0
7006,1.0003820694046,0.4012,0,0
7007,1.000381490486,0.4014,0,0
7008,1.0003809115671,0.4016,0,0
7009,1.000380332648,0.4018,0,0
7010,1.0003797537287,0.402,0,0
7011,1.0003791748091,0.4022,0,0
7012,1.0003785958893,0.4024,0,0
7013,1.0003780169693,0.4026,0,0
7014,1.0003774380491,0.4028,0,0
7015,1.0003768591286,0.403,0,0
7016,1.0003762802079,0.4032,0,0
7017,1.000375701287,0.4034,0,0
7018,1.0003751223659,0.4036,0,0
7019,1.0003745434445,0.4038,0,0
7020,1.0003739645229,0.404,0,0
7021,1.0003733856011,0.4042,0,0
7022,1.000372806679,0.4044,0,0
7023,1.0003722277567,0.4046,0,0
7024,1.0003716488342,0.4048,0,0
7025,1.0003710699115,0.405,0,0
7026,1.0003704909885,0.4052,0,0
7027,1.0003699120653,0.4054,0,0
7028,1.0003693331419,0.4056,0,0
7029,1.0003687542183,0.4058,0,0
7030,1.0003681752944,0.406,0,0
7031,1.0003675963703,0.4062,0,0
7032,1.000367017446,0.4064,0,0
7033,1.0003664385214,0.4066,0,0
7034,1.0003658595966,0.4068,0,0
7035,1.0003652806716,0.407,0,0
7036,1.0003647017464,0.4072,0,0
7037,1.0003641228209,0.4074,0,0
7038,1.0003635438952,0.4076,0,0
7039,1.0003629649693,0.4078,0,0
7040,1.0003623860432,0.408,0,0
7041,1.0003618071168,0.4082,0,0
7042,1.0003612281902,0.4084,0,0
7043,1.0003606492634,0.4086,0,0
7044,1.0003600703364,0.4088,0,0
7045,1.0003594914091,0.409,0,0
7046,1.0003589124816,0.4092,0,0
7047,1.0003583335538,0.4094,0,0
7048,1.0003577546259,0.4096,0,0
7049,1.0003571756977,0.4098,0,0
7050,1.0003565967693,0.41,0,0
7051,1.0003560178406,0.4102,0,0
7052,1.0003554389118,0.4104,0,0
7053,1.0003548599827,0.4106,0,0
7054,1.0003542810534,0.4108,0,0
7055,1.0003537021238,0.411,0,0
7056,1.000353123194,0.4112,0,0
7057,1.000352544264,0.4114,0,0
7058,1.0003519653338,0.4116,0,0
7059,1.0003513864033,0.4118,0,0
7060,1.0003508074727,0.412,0,0
7061,1.0003502285417,0.4122,0,0
7062,1.0003496496106,0.4124,0,0
7063,1.0003490706792,0.4126,0,0
7064,1.0003484917476,0.4128,0,0
7065,1.0003479128158,0.413,0,0
7066,1.0003473338838,0.4132,0,0
7067,1.0003467549515,0.4134,0,0
7068,1.000346176019,0.4136,0,0
7069,1.0003455970863,0.4138,0,0
7070,1.0003450181533,0.414,0,0
7071,1.0003444392201,0.4142,0,0
7072,1.0003438602867,0.4144,0,0
7073,1.0003432813531,0.4146,0,0
7074,1.0003427024192,0.4148,0,0
7075,1.0003421234851,0.415,0,0
7076,1.0003415445508,0.4152,0,0
7077,1.0003409656163,0.4154,0,0
7078,1.0003403866815,0.4156,0,0
7079,1.0003398077465,0.4158,0,0
7080,1.0003392288113,0.416,0,0
7081,1.0003386498758,0.4162,0,0
7082,1.0003380709401,0.4164,0,0
7083,1.0003374920042,0.4166,0,0
7084,1.0003369130681,0.4168,0,0
7085,1.0003363341317,0.417,0,0
7086,1.0003357551951,0.4172,0,0
7087,1.0003351762583,0.4174,0,0
7088,1.0003345973213,0.4176,0,0
7089,1.000334018384,0.4178,0,0
7090,1.0003334394465,0.418,0,0
7091,1.0003328605088,0.4182,0,0
7092,1.0003322815708,0.4184,0,0
7093,1.0003317026327,0.4186,0,0
7094,1.0003311236942,0.4188,0,0
7095,1.0003305447556,0.419,0,0
7096,1.0003299658168,0.4192,0,0
7097,1.0003293868777,0.4194,0,0
7098,1.0003288079384,0.4196,0,0
7099,1.0003282289988,0.4198,0,0
7100,1.000327650059,0.42,0,0
7101,1.000327071119,0.4202,0,0
7102,1.0003264921788,0.4204,0,0
7103,1.0003259132384,0.4206,0,0
7104,1.0003253342977,0.4208,0,0
7105,1.0003247553568,0.421,0,0
7106,1.0003241764157,0.4212,0,0
7107,1.0003235974743,0.4214,0,0
7108,1.0003230185327,0.4216,0,0
7109,1.0003224395909,0.4218,0,0
7110,1.0003218606489,0.422,0,0
7111,1.0003212817066,0.4222,0,0
7112,1.0003207027641,0.4224,0,0
7113,1.0003201238214,0.4226,0,0
7114,1.0003195448784,0.4228,0,0
7115,1.0003189659352,0.423,0,0
7116,1.0003183869918,0.4232,0,0
7117,1.0003178080482,0.4234,0,0
7118,1.0003172291044,0.4236,0,0
7119,1.0003166501603,0.4238,0,0
7120,1.000316071216,0.424,0,0
7121,1.0003154922714,0.4242,0,0
7122,1.0003149133266,0.4244,0,0
7123,1.0003143343817,0.4246,0,0
7124,1.0003137554364,0.4248,0,0
7125,1.000313176491,0.425,0,0
7126,1.0003125975453,0.4252,0,0
7127,1.0003120185994,0.4254,0,0
7128,1.0003114396533,0.4256,0,0
7129,1.0003108607069,0.4258,0,0
7130,1.0003102817603,0.426,0,0
7131,1.0003097028135,0.4262,0,0
7132,1.0003091238665,0.4264,0,0
7133,1.0003085449192,0.4266,0,0
7134,1.0003079659717,0.4268,0,0
7135,1.000307387024,0.427,0,0
7136,1.0003068080761,0.4272,0,0
7137,1.0003062291279,0.4274,0,0
7138,1.0003056501795,0.4276,0,0
7139,1.0003050712309,0.4278,0,0
7140,1.000304492282,0.428,0,0
7141,1.0003039133329,0.4282,0,0
7142,1.0003033343836,0.4284,0,0
7143,1.0003027554341,0.4286,0,0
7144,1.0003021764843,0.4288,0,0
7145,1.0003015975343,0.429,0,0
7146,1.0003010185841,0.4292,0,0
7147,1.0003004396337,0.4294,0,0
7148,1.000299860683,0.4296,0,0
7149,1.0002992817321,0.4298,0,0
7150,1.000298702781,0.43,0,0
7151,1.0002981238296,0.4302,0,0
7152,1.000297544878,0.4304,0,0
7153,1.0002969659262,0.4306,0,0
7154,1.0002963869742,0.4308,0,0
7155,1.0002958080219,0.431,0,0
7156,1.0002952290694,0.4312,0,0
7157,1.0002946501167,0.4314,0,0
7158,1.0002940711638,0.4316,0,0
7159,1.0002934922106,0.4318,0,0
7160,1.0002929132572,0.432,0,0
7161,1.0002923343036,0.4322,0,0
7162,1.0002917553497,0.4324,0,0
7163,1.0002911763957,0.4326,0,0
7164,1.0002905974414,0.4328,0,0
7165,1.0002900184868,0.433,0,0
7166,1.0002894395321,0.4332,0,0
7167,1.0002888605771,0.4334,0,0
7168,1.0002882816219,0.4336,0,0
7169,1.0002877026664,0.4338,0,0
7170,1.0002871237107,0.434,0,0
7171,1.0002865447549,0.4342,0,0
7172,1.0002859657987,0.4344,0,0
7173,1.0002853868424,0.4346,0,0
7174,1.0002848078858,0.4348,0,0
7175,1.000284228929,0.435,0,0
7176,1.000283649972,0.4352,0,0
7177,1.0002830710147,0.4354,0,0
7178,1.0002824920572,0.4356,0,0
7179,1.0002819130995,0.4358,0,0
7180,1.0002813341416,0.436,0,0
7181,1.0002807551834,0.4362,0,0
7182,1.000280176225,0.4364,0,0
7183,1.0002795972664,0.4366,0,0
7184,1.0002790183075,0.4368,0,0
7185,1.0002784393485,0.437,0,0
7186,1.0002778603891,0.4372,0,0
7187,1.0002772814296,0.4374,0,0
7188,1.0002767024699,0.4376,0,0
7189,1.0002761235099,0.4378,0,0
7190,1.0002755445497,0.438,0,0
7191,1.0002749655892,0.4382,0,0
7192,1.0002743866286,0.4384,0,0
7193,1.0002738076677,0.4386,0,0
7194,1.0002732287065,0.4388,0,0
7195,1.0002726497452,0.439,0,0
7196,1.0002720707836,0.4392,0,0
7197,1.0002714918218,0.4394,0,0
7198,1.0002709128598,0.4396,0,0
7199,1.0002703338975,0.4398,0,0
7200,1.000269754935,0.44,0,0
7201,1.0002691759723,0.4402,0,0
7202,1.0002685970094,0.4404,0,0
7203,1.0002680180462,0.4406,0,0
7204,1.0002674390828,0.4408,0,0
7205,1.0002668601192,0.441,0,0
7206,1.0002662811554,0.4412,0,0
7207,1.0002657021913,0.4414,0,0
7208,1.000265123227,0.4416,0,0
7209,1.0002645442625,0.4418,0,0
7210,1.0002639652977,0.442,0,0
7211,1.0002633863327,0.4422,0,0
7212,1.0002628073675,0.4424,0,0
7213,1.0002622284021,0.4426,0,0
7214,1.0002616494364,0.4428,0,0
7215,1.0002610704705,0.443,0,0
7216,1.0002604915044,0.4432,0,0
7217,1.0002599125381,0.4434,0,0
7218,1.0002593335715,0.4436,0,0
7219,1.0002587546047,0.4438,0,0
7220,1.0002581756377,0.444,0,0
7221,1.0002575966704,0.4442,0,0
7222,1.0002570177029,0.4444,0,0
7223,1.0002564387352,0.4446,0,0
7224,1.0002558597673,0.4448,0,0
7225,1.0002552807991,0.445,0,0
7226,1.0002547018307,0.4452,0,0
7227,1.0002541228621,0.4454,0,0
7228,1.0002535438933,0.4456,0,0
7229,1.0002529649242,0.4458,0,0
7230,1.0002523859549,0.446,0,0
7231,1.0002518069854,0.4462,0,0
7232,1.0002512280156,0.4464,0,0
7233,1.0002506490456,0.4466,0,0
7234,1.0002500700754,0.4468,0,0
7235,1.000249491105,0.447,0,0
7236,1.0002489121343,0.4472,0,0
7237,1.0002483331634,0.4474,0,0
7238,1.0002477541923,0.4476,0,0
7239,1.000247175221,0.4478,0,0
7240,1.0002465962494,0.448,0,0
7241,1.0002460172776,0.4482,0,0
7242,1.0002454383056,0.4484,0,0
7243,1.0002448593333,0.4486,0,0
7244,1.0002442803609,0.4488,0,0
7245,1.0002437013882,0.449,0,0
7246,1.0002431224152,0.4492,0,0
7247,1.0002425434421,0.4494,0,0
7248,1.0002419644687,0.4496,0,0
7249,1.0002413854951,0.4498,0,0
7250,1.0002408065212,0.45,0,0
7251,1.0002402275472,0.4502,0,0
7252,1.0002396485729,0.4504,0,0
7253,1.0002390695983,0.4506,0,0
7254,1.0002384906236,0.4508,0,0
7255,1.0002379116486,0.451,0,0
7256,1.0002373326734,0.4512,0,0
7257,1.000236753698,0.4514,0,0
7258,1.0002361747223,0.4516,0,0
7259,1.0002355957464,0.4518,0,0
7260,1.0002350167703,0.452,0,0
7261,1.000234437794,0.4522,0,0
7262,1.0002338588174,0.4524,0,0
7263,1.0002332798406,0.4526,0,0
7264,1.0002327008636,0.4528,0,0
7265,1.0002321218863,0.453,0,0
7266,1.0002315429089,0.4532,0,0
7267,1.0002309639311,0.4534,0,0
7268,1.0002303849532,0.4536,0,0
7269,1.0002298059751,0.4538,0,0
7270,1.0002292269967,0.454,0,0
7271,1.0002286480181,0.4542,0,0
7272,1.0002280690392,0.4544,0,0
7273,1.0002274900602,0.4546,0,0
7274,1.0002269110809,0.4548,0,0
7275,1.0002263321013,0.455,0,0
7276,1.0002257531216,0.4552,0,0
7277,1.0002251741416,0.4554,0,0
7278,1.0002245951614,0.4556,0,0
7279,1.000224016181,0.4558,0,0
7280,1.0002234372003,0.456,0,0
7281,1.0002228582194,0.4562,0,0
7282,1.0002222792383,0.4564,0,0
7283,1.000221700257,0.4566,0,0
7284,1.0002211212754,0.4568,0,0
7285,1.0002205422936,0.457,0,0
7286,1.0002199633116,0.4572,0,0
7287,1.0002193843294,0.4574,0,0
7288,1.0002188053469,0.4576,0,0
7289,1.0002182263642,0.4578,0,0
7290,1.0002176473812,0.458,0,0
7291,1.0002170683981,0.4582,0,0
7292,1.0002164894147,0.4584,0,0
7293,1.0002159104311,0.4586,0,0
7294,1.0002153314473,0.4588,0,0
7295,1.0002147524632,0.459,0,0
7296,1.0002141734789,0.4592,0,0
7297,1.0002135944944,0.4594,0,0
7298,1.0002130155096,0.4596,0,0
7299,1.0002124365247,0.4598,0,0
7300,1.0002118575395,0.46,0,0
7301,1.000211278554,0.4602,0,0
7302,1.0002106995684,0.4604,0,0
7303,1.0002101205825,0.4606,0,0
7304,1.0002095415964,0.4608,0,0
7305,1.00020896261,0.461,0,0
7306,1.0002083836235,0.4612,0,0
7307,1.0002078046367,0.4614,0,0
7308,1.0002072256497,0.4616,0,0
7309,1.0002066466624,0.4618,0,0
7310,1.000206067675,0.462,0,0
7311,1.0002054886873,0.4622,0,0
7312,1.0002049096993,0.4624,0,0
7313,1.0002043307112,0.4626,0,0
7314,1.0002037517228,0.4628,0,0
7315,1.0002031727342,0.463,0,0
7316,1.0002025937453,0.4632,0,0
7317,1.0002020147563,0.4634,0,0
7318,1.000201435767,0.4636,0,0
7319,1.0002008567775,0.4638,0,0
7320,1.0002002777877,0.464,0,0
7321,1.0001996987978,0.4642,0,0
7322,1.0001991198076,0.4644,0,0
7323,1.0001985408171,0.4646,0,0
7324,1.0001979618265,0.4648,0,0
7325,1.0001973828356,0.465,0,0
7326,1.0001968038445,0.4652,0,0
7327,1.0001962248532,0.4654,0,0
7328,1.0001956458616,0.4656,0,0
7329,1.0001950668698,0.4658,0,0
7330,1.0001944878778,0.466,0,0
7331,1.0001939088855,0.4662,0,0
7332,1.0001933298931,0.4664,0,0
7333,1.0001927509004,0.4666,0,0
7334,1.0001921719074,0.4668,0,0
7335,1.0001915929143,0.467,0,0
7336,1.0001910139209,0.4672,0,0
7337,1.0001904349273,0.4674,0,0
7338,1.0001898559335,0.4676,0,0
7339,1.0001892769394,0.4678,0,0
7340,1.0001886979451,0.468,0,0
7341,1.0001881189506,0.4682,0,0
7342,1.0001875399559,0.4684,0,0
7343,1.0001869609609,0.4686,0,0
7344,1.0001863819657,0.4688,0,0
7345,1.0001858029703,0.469,0,0
7346,1.0001852239746,0.4692,0,0
7347,1.0001846449787,0.4694,0,0
7348,1.0001840659826,0.4696,0,0
7349,1.0001834869863,0.4698,0,0
7350,1.0001829079897,0.47,0,0
7351,1.0001823289929,0.4702,0,0
7352,1.0001817499959,0.4704,0,0
7353,1.0001811709987,0.4706,0,0
7354,1.0001805920012,0.4708,0,0
7355,1.0001800130035,0.471,0,0
7356,1.0001794340056,0.4712,0,0
7357,1.0001788550074,0.4714,0,0
7358,1.0001782760091,0.4716,0,0
7359,1.0001776970105,0.4718,0,0
7360,1.0001771180116,0.472,0,0
7361,1.0001765390126,0.4722,0,0
7362,1.0001759600133,0.4724,0,0
7363,1.0001753810138,0.4726,0,0
7364,1.000174802014,0.4728,0,0
7365,1.0001742230141,0.473,0,0
7366,1.0001736440139,0.4732,0,0
7367,1.0001730650134,0.4734,0,0
7368,1.0001724860128,0.4736,0,0
7369,1.0001719070119,0.4738,0,0
7370,1.0001713280108,0.474,0,0
7371,1.0001707490095,0.4742,0,0
7372,1.0001701700079,0.4744,0,0
7373,1.0001695910061,0.4746,0,0
7374,1.0001690120041,0.4748,0,0
7375,1.0001684330019,0.475,0,0
7376,1.0001678539994,0.4752,0,0
7377,1.0001672749967,0.4754,0,0
7378,1.0001666959938,0.4756,0,0
7379,1.0001661169906,0.4758,0,0
7380,1.0001655379873,0.476,0,0
7381,1.0001649589836,0.4762,0,0
7382,1.0001643799798,0.4764,0,0
7383,1.0001638009758,0.4766,0,0
7384,1.0001632219715,0.4768,0,0
7385,1.000162642967,0.477,0,0
7386,1.0001620639622,0.4772,0,0
7387,1.0001614849573,0.4774,0,0
7388,1.0001609059521,0.4776,0,0
7389,1.0001603269466,0.4778,0,0
7390,1.000159747941,0.478,0,0
7391,1.0001591689351,0.4782,0,0
7392,1.000158589929,0.4784,0,0
7393,1.0001580109227,0.4786,0,0
7394,1.0001574319161,0.4788,0,0
7395,1.0001568529093,0.479,0,0
7396,1.0001562739023,0.4792,0,0
7397,1.0001556948951,0.4794,0,0
7398,1.0001551158876,0.4796,0,0
7399,1.0001545368799,0.4798,0,0
7400,1.000153957872,0.48,0,0
7401,1.0001533788638,0.4802,0,0
7402,1.0001527998555,0.4804,0,0
7403,1.0001522208469,0.4806,0,0
7404,1.000151641838,0.4808,0,0
7405,1.000151062829,0.481,0,0
7406,1.0001504838197,0.4812,0,0
7407,1.0001499048102,0.4814,0,0
7408,1.0001493258004,0.4816,0,0
7409,1.0001487467905,0.4818,0,0
7410,1.0001481677803,0.482,0,0
7411,1.0001475887699,0.4822,0,0
7412,1.0001470097592,0.4824,0,0
7413,1.0001464307483,0.4826,0,0
7414,1.0001458517372,0.4828,0,0
7415,1.0001452727259,0.483,0,0
7416,1.0001446937144,0.4832,0,0
7417,1.0001441147026,0.4834,0,0
7418,1.0001435356906,0.4836,0,0
7419,1.0001429566783,0.4838,0,0
7420,1.0001423776659,0.484,0,0
7421,1.0001417986532,0.4842,0,0
7422,1.0001412196402,0.4844,0,0
7423,1.0001406406271,0.4846,0,0
7424,1.0001400616137,0.4848,0,0
7425,1.0001394826001,0.485,0,0
7426,1.0001389035863,0.4852,0,0
7427,1.0001383245722,0.4854,0,0
7428,1.0001377455579,0.4856,0,0
7429,1.0001371665434,0.4858,0,0
7430,1.0001365875287,0.486,0,0
7431,1.0001360085137,0.4862,0,0
7432,1.0001354294985,0.4864,0,0
7433,1.0001348504831,0.4866,0,0
7434,1.0001342714675,0.4868,0,0
7435,1.0001336924516,0.487,0,0
7436,1.0001331134355,0.4872,0,0
7437,1.0001325344192,0.4874,0,0
7438,1.0001319554026,0.4876,0,0
7439,1.0001313763858,0.4878,0,0
7440,1.0001307973688,0.488,0,0
7441,1.0001302183516,0.4882,0,0
7442,1.0001296393341,0.4884,0,0
7443,1.0001290603164,0.4886,0,0
7444,1.0001284812985,0.4888,0,0
7445,1.0001279022804,0.489,0,0
7446,1.000127323262,0.4892,0,0
7447,1.0001267442434,0.4894,0,0
7448,1.0001261652246,0.4896,0,0
7449,1.0001255862055,0.4898,0,0
7450,1.0001250071862,0.49,0,0
7451,1.0001244281667,0.4902,0,0
7452,1.000123849147,0.4904,0,0
7453,1.000123270127,0.4906,0,0
7454,1.0001226911068,0.4908,0,0
7455,1.0001221120864,0.491,0,0
7456,1.0001215330658,0.4912,0,0
7457,1.0001209540449,0.4914,0,0
7458,1.0001203750238,0.4916,0,0
7459,1.0001197960025,0.4918,0,0
7460,1.0001192169809,0.492,0,0
7461,1.0001186379591,0.4922,0,0
7462,1.0001180589371,0.4924,0,0
7463,1.0001174799149,0.4926,0,0
7464,1.0001169008924,0.4928,0,0
7465,1.0001163218697,0.493,0,0
7466,1.0001157428468,0.4932,0,0
7467,1.0001151638236,0.4934,0,0
7468,1.0001145848003,0.4936,0,0
7469,1.0001140057767,0.4938,0,0
7470,1.0001134267528,0.494,0,0
7471,1.0001128477288,0.4942,0,0
7472,1.0001122687045,0.4944,0,0
7473,1.00011168968,0.4946,0,0
7474,1.0001111106553,0.4948,0,0
7475,1.0001105316303,0.495,0,0
7476,1.0001099526051,0.4952,0,0
7477,1.0001093735797,0.4954,0,0
7478,1.000108794554,0.4956,0,0
7479,1.0001082155282,0.4958,0,0
7480,1.0001076365021,0.496,0,0
7481,1.0001070574757,0.4962,0,0
7482,1.0001064784492,0.4964,0,0
7483,1.0001058994224,0.4966,0,0
7484,1.0001053203954,0.4968,0,0
7485,1.0001047413682,0.497,0,0
7486,1.0001041623407,0.4972,0,0
7487,1.000103583313,0.4974,0,0
7488,1.0001030042851,0.4976,0,0
7489,1.000102425257,0.4978,0,0
7490,1.0001018462286,0.498,0,0
7491,1.0001012672,0.4982,0,0
7492,1.0001006881712,0.4984,0,0
7493,1.0001001091421,0.4986,0,0
7494,1.0000995301128,0.4988,0,0
7495,1.0000989510833,0.499,0,0
7496,1.0000983720536,0.4992,0,0
7497,1.0000977930236,0.4994,0,0
7498,1.0000972139934,0.4996,0,0
7499,1.000096634963,0.4998,0,0
7500,1.0000960559324,0.5,0,0
7501,1.0000954769015,0.5002,0,0
7502,1.0000948978704,0.5004,0,0
7503,1.0000943188391,0.5006,0,0
7504,1.0000937398075,0.5008,0,0
7505,1.0000931607757,0.501,0,0
7506,1.0000925817437,0.5012,0,0
7507,1.0000920027115,0.5014,0,0
7508,1.000091423679,0.5016,0,0
7509,1.0000908446463,0.5018,0,0
7510,1.0000902656134,0.502,0,0
7511,1.0000896865803,0.5022,0,0
7512,1.0000891075469,0.5024,0,0
7513,1.0000885285133,0.5026,0,0
7514,1.0000879494795,0.5028,0,0
7515,1.0000873704454,0.503,0,0
7516,1.0000867914111,0.5032,0,0
7517,1.0000862123766,0.5034,0,0
7518,1.0000856333419,0.5036,0,0
7519,1.0000850543069,0.5038,0,0
7520,1.0000844752717,0.504,0,0
7521,1.0000838962363,0.5042,0,0
7522,1.0000833172007,0.5044,0,0
7523,1.0000827381648,0.5046,0,0
7524,1.0000821591287,0.5048,0,0
7525,1.0000815800924,0.505,0,0
7526,1.0000810010558,0.5052,0,0
7527,1.0000804220191,0.5054,0,0
7528,1.0000798429821,0.5056,0,0
7529,1.0000792639448,0.5058,0,0
7530,1.0000786849074,0.506,0,0
7531,1.0000781058697,0.5062,0,0
7532,1.0000775268317,0.5064,0,0
7533,1.0000769477936,0.5066,0,0
7534,1.0000763687552,0.5068,0,0
7535,1.0000757897166,0.507,0,0
7536,1.0000752106778,0.5072,0,0
7537,1.0000746316388,0.5074,0,0
7538,1.0000740525995,0.5076,0,0
7539,1.00007347356,0.5078,0,0
7540,1.0000728945202,0.508,0,0
7541,1.0000723154803,0.5082,0,0
7542,1.0000717364401,0.5084,0,0
7543,1.0000711573997,0.5086,0,0
7544,1.000070578359,0.5088,0,0
7545,1.0000699993182,0.509,0,0
7546,1.0000694202771,0.5092,0,0
7547,1.0000688412357,0.5094,0,0
7548,1.0000682621942,0.5096,0,0
7549,1.0000676831524,0.5098,0,0
7550,1.0000671041104,0.51,0,0
7551,1.0000665250682,0.5102,0,0
7552,1.0000659460257,0.5104,0,0
7553,1.000065366983,0.5106,0,0
7554,1.0000647879401,0.5108,0,0
7555,1.0000642088969,0.511,0,0
7556,1.0000636298536,0.5112,0,0
7557,1.00006305081,0.5114,0,0
7558,1.0000624717662,0.5116,0,0
7559,1.0000618927221,0.5118,0,0
7560,1.0000613136778,0.512,0,0
7561,1.0000607346333,0.5122,0,0
7562,1.0000601555886,0.5124,0,0
7563,1.0000595765436,0.5126,0,0
7564,1.0000589974984,0.5128,0,0
7565,1.000058418453,0.513,0,0
7566,1.0000578394074,0.5132,0,0
7567,1.0000572603615,0.5134,0,0
7568,1.0000566813154,0.5136,0,0
7569,1.0000561022691,0.5138,0,0
7570,1.0000555232225,0.514,0,0
7571,1.0000549441757,0.5142,0,0
7572,1.0000543651287,0.5144,0,0
7573,1.0000537860815,0.5146,0,0
7574,1.000053207034,0.5148,0,0
7575,1.0000526279863,0.515,0,0
7576,1.0000520489384,0.5152,0,0
7577,1.0000514698903,0.5154,0,0
7578,1.0000508908419,0.5156,0,0
7579,1.0000503117933,0.5158,0,0
7580,1.0000497327445,0.516,0,0
7581,1.0000491536954,0.5162,0,0
7582,1.0000485746462,0.5164,0,0
7583,1.0000479955967,0.5166,0,0
7584,1.0000474165469,0.5168,0,0
7585,1.000046837497,0.517,0,0
7586,1.0000462584468,0.5172,0,0
7587,1.0000456793964,0.5174,0,0
7588,1.0000451003457,0.5176,0,0
7589,1.0000445212948,0.5178,0,0
7590,1.0000439422437,0.518,0,0
7591,1.0000433631924,0.5182,0,0
7592,1.0000427841409,0.5184,0,0
7593,1.0000422050891,0.5186,0,0
7594,1.0000416260371,0.5188,0,0
7595,1.0000410469848,0.519,0,0
7596,1.0000404679324,0.5192,0,0
7597,1.0000398888797,0.5194,0,0
7598,1.0000393098268,0.5196,0,0
7599,1.0000387307736,0.5198,0,0
7600,1.0000381517203,0.52,0,0
7601,1.0000375726667,0.5202,0,0
7602,1.0000369936128,0.5204,0,0
7603,1.0000364145588,0.5206,0,0
7604,1.0000358355045,0.5208,0,0
7605,1.00003525645,0.521,0,0
7606,1.0000346773953,0.5212,0,0
7607,1.0000340983403,0.5214,0,0
7608,1.0000335192851,0.5216,0,0
7609,1.0000329402297,0.5218,0,0
7610,1.0000323611741,0.522,0,0
7611,1.0000317821182,0.5222,0,0
7612,1.0000312030621,0.5224,0,0
7613,1.0000306240058,0.5226,0,0
7614,1.0000300449492,0.5228,0,0
7615,1.0000294658924,0.523,0,0
7616,1.0000288868354,0.5232,0,0
7617,1.0000283077782,0.5234,0,0
7618,1.0000277287207,0.5236,0,0
7619,1.000027149663,0.5238,0,0
7620,1.0000265706051,0.524,0,0
7621,1.000025991547,0.5242,0,0
7622,1.0000254124886,0.5244,0,0
7623,1.00002483343,0.5246,0,0
7624,1.0000242543712,0.5248,0,0
7625,1.0000236753121,0.525,0,0
7626,1.0000230962529,0.5252,0,0
7627,1.0000225171933,0.5254,0,0
7628,1.0000219381336,0.5256,0,0
7629,1.0000213590737,0.5258,0,0
7630,1.0000207800135,0.526,0,0
7631,1.000020200953,0.5262,0,0
7632,1.0000196218924,0.5264,0,0
7633,1.0000190428315,0.5266,0,0
7634,1.0000184637704,0.5268,0,0
7635,1.0000178847091,0.527,0,0
7636,1.0000173056476,0.5272,0,0
7637,1.0000167265858,0.5274,0,0
7638,1.0000161475238,0.5276,0,0
7639,1.0000155684615,0.5278,0,0
7640,1.0000149893991,0.528,0,0
7641,1.0000144103364,0.5282,0,0
7642,1.0000138312735,0.5284,0,0
7643,1.0000132522103,0.5286,0,0
7644,1.000012673147,0.5288,0,0
7645,1.0000120940834,0.529,0,0
7646,1.0000115150195,0.5292,0,0
7647,1.0000109359555,0.5294,0,0
7648,1.0000103568912,0.5296,0,0
7649,1.0000097778267,0.5298,0,0
7650,1.000009198762,0.53,0,0
7651,1.000008619697,0.5302,0,0
7652,1.0000080406318,0.5304,0,0
7653,1.0000074615664,0.5306,0,0
7654,1.0000068825007,0.5308,0,0
7655,1.0000063034349,0.531,0,0
7656,1.0000057243688,0.5312,0,0
7657,1.0000051453024,0.5314,0,0
7658,1.0000045662359,0.5316,0,0
7659,1.0000039871691,0.5318,0,0
7660,1.0000034081021,0.532,0,0
7661,1.0000028290349,0.5322,0,0
7662,1.0000022499674,0.5324,0,0
7663,1.0000016708997,0.5326,0,0
7664,1.0000010918318,0.5328,0,0
7665,1.0000005127637,0.533,0,0
7666,0.99999993369529,0.5332,0,0
7667,0.99999935462669,0.5334,0,0
7668,0.99999877555786,0.5336,0,0
7669,0.99999819648881,0.5338,0,0
7670,0.99999761741953,0.534,0,0
7671,0.99999703835002,0.5342,0,0
7672,0.99999645928029,0.5344,0,0
7673,0.99999588021032,0.5346,0,0
7674,0.99999530114014,0.5348,0,0
7675,0.99999472206972,0.535,0,0
7676,0.99999414299907,0.5352,0,0
7677,0.9999935639282,0.5354,0,0
7678,0.9999929848571,0.5356,0,0
7679,0.99999240578578,0.5358,0,0
7680,0.99999182671422,0.536,0,0
7681,0.99999124764244,0.5362,0,0
7682,0.99999066857043,0.5364,0,0
7683,0.9999900894982,0.5366,0,0
7684,0.99998951042574,0.5368,0,0
7685,0.99998893135305,0.537,0,0
7686,0.99998835228013,0.5372,0,0
7687,0.99998777320698,0.5374,0,0
7688,0.99998719413361,0.5376,0,0
7689,0.99998661506001,0.5378,0,0
7690,0.99998603598619,0.538,0,0
7691,0.99998545691213,0.5382,0,0
7692,0.99998487783785,0.5384,0,0
7693,0.99998429876334,0.5386,0,0
7694,0.99998371968861,0.5388,0,0
7695,0.99998314061364,0.539,0,0
7696,0.99998256153845,0.5392,0,0
7697,0.99998198246304,0.5394,0,0
7698,0.99998140338739,0.5396,0,0
7699,0.99998082431152,0.5398,0,0
7700,0.99998024523542,0.54,0,0
7701,0.99997966615909,0.5402,0,0
7702,0.99997908708254,0.5404,0,0
7703,0.99997850800576,0.5406,0,0
7704,0.99997792892875,0.5408,0,0
7705,0.99997734985151,0.541,0,0
7706,0.99997677077405,0.5412,0,0
7707,0.99997619169636,0.5414,0,0
7708,0.99997561261844,0.5416,0,0
7709,0.9999750335403,0.5418,0,0
7710,0.99997445446192,0.542,0,0
7711,0.99997387538332,0.5422,0,0
7712,0.9999732963045,0.5424,0,0
7713,0.99997271722544,0.5426,0,0
7714,0.99997213814616,0.5428,0,0
7715,0.99997155906665,0.543,0,0
7716,0.99997097998691,0.5432,0,0
7717,0.99997040090695,0.5434,0,0
7718,0.99996982182676,0.5436,0,0
7719,0.99996924274634,0.5438,0,0
7720,0.99996866366569,0.544,0,0
7721,0.99996808458482,0.5442,0,0
7722,0.99996750550372,0.5444,0,0
7723,0.99996692642239,0.5446,0,0
7724,0.99996634734084,0.5448,0,0
7725,0.99996576825906,0.545,0,0
7726,0.99996518917705,0.5452,0,0
7727,0.99996461009481,0.5454,0,0
7728,0.99996403101235,0.5456,0,0
7729,0.99996345192965,0.5458,0,0
7730,0.99996287284674,0.546,0,0
7731,0.99996229376359,0.5462,0,0
7732,0.99996171468022,0.5464,0,0
7733,0.99996113559662,0.5466,0,0
7734,0.99996055651279,0.5468,0,0
7735,0.99995997742873,0.547,0,0
7736,0.99995939834445,0.5472,0,0
7737,0.99995881925994,0.5474,0,0
7738,0.9999582401752,0.5476,0,0
7739,0.99995766109024,0.5478,0,0
7740,0.99995708200504,0.548,0,0
7741,0.99995650291963,0.5482,0,0
7742,0.99995592383398,0.5484,0,0
7743,0.9999553447481,0.5486,0,0
7744,0.999954765662,0.5488,0,0
7745,0.99995418657568,0.549,0,0
7746,0.99995360748912,0.5492,0,0
7747,0.99995302840234,0.5494,0,0
7748,0.99995244931533,0.5496,0,0
7749,0.99995187022809,0.5498,0,0
7750,0.99995129114062,0.55,0,0
7751,0.99995071205293,0.5502,0,0
7752,0.99995013296501,0.5504,0,0
7753,0.99994955387686,0.5506,0,0
7754,0.99994897478849,0.5508,0,0
7755,0.99994839569989,0.551,0,0
7756,0.99994781661106,0.5512,0,0
7757,0.999947237522,0.5514,0,0
7758,0.99994665843272,0.5516,0,0
7759,0.99994607934321,0.5518,0,0
7760,0.99994550025347,0.552,0,0
7761,0.9999449211635,0.5522,0,0
7762,0.99994434207331,0.5524,0,0
7763,0.99994376298289,0.5526,0,0
7764,0.99994318389224,0.5528,0,0
7765,0.99994260480137,0.553,0,0
7766,0.99994202571027,0.5532,0,0
7767,0.99994144661894,0.5534,0,0
7768,0.99994086752738,0.5536,0,0
7769,0.99994028843559,0.5538,0,0
7770,0.99993970934358,0.554,0,0
7771,0.99993913025134,0.5542,0,0
7772,0.99993855115888,0.5544,0,0
7773,0.99993797206618,0.5546,0,0
7774,0.99993739297326,0.5548,0,0
7775,0.99993681388012,0.555,0,0
7776,0.99993623478674,0.5552,0,0
7777,0.99993565569314,0.5554,0,0
7778,0.99993507659931,0.5556,0,0
7779,0.99993449750525,0.5558,0,0
7780,0.99993391841096,0.556,0,0
7781,0.99993333931645,0.5562,0,0
7782,0.99993276022171,0.5564,0,0
7783,0.99993218112675,0.5566,0,0
7784,0.99993160203155,0.5568,0,0
7785,0.99993102293613,0.557,0,0
7786,0.99993044384048,0.5572,0,0
7787,0.99992986474461,0.5574,0,0
7788,0.9999292856485,0.5576,0,0
7789,0.99992870655217,0.5578,0,0
7790,0.99992812745561,0.558,0,0
7791,0.99992754835883,0.5582,0,0
7792,0.99992696926182,0.5584,0,0
7793,0.99992639016458,0.5586,0,0
7794,0.99992581106711,0.5588,0,0
7795,0.99992523196941,0.559,0,0
7796,0.99992465287149,0.5592,0,0
7797,0.99992407377334,0.5594,0,0
7798,0.99992349467496,0.5596,0,0
7799,0.99992291557636,0.5598,0,0
7800,0.99992233647753,0.56,0,0
7801,0.99992175737847,0.5602,0,0
7802,0.99992117827918,0.5604,0,0
7803,0.99992059917967,0.5606,0,0
7804,0.99992002007993,0.5608,0,0
7805,0.99991944097996,0.561,0,0
7806,0.99991886187977,0.5612,0,0
7807,0.99991828277934,0.5614,0,0
7808,0.99991770367869,0.5616,0,0
7809,0.99991712457782,0.5618,0,0
7810,0.99991654547671,0.562,0,0
7811,0.99991596637538,0.5622,0,0
7812,0.99991538727382,0.5624,0,0
7813,0.99991480817203,0.5626,0,0
7814,0.99991422907002,0.5628,0,0
7815,0.99991364996778,0.563,0,0
7816,0.99991307086531,0.5632,0,0
7817,0.99991249176261,0.5634,0,0
7818,0.99991191265969,0.5636,0,0
7819,0.99991133355654,0.5638,0,0
7820,0.99991075445316,0.564,0,0
7821,0.99991017534955,0.5642,0,0
7822,0.99990959624572,0.5644,0,0
7823,0.99990901714166,0.5646,0,0
7824,0.99990843803737,0.5648,0,0
7825,0.99990785893286,0.565,0,0
7826,0.99990727982812,0.5652,0,0
7827,0.99990670072315,0.5654,0,0
7828,0.99990612161795,0.5656,0,0
7829,0.99990554251253,0.5658,0,0
7830,0.99990496340688,0.566,0,0
7831,0.999904384301,0.5662,0,0
7832,0.99990380519489,0.5664,0,0
7833,0.99990322608856,0.5666,0,0
7834,0.999902646982,0.5668,0,0
7835,0.99990206787521,0.567,0,0
7836,0.99990148876819,0.5672,0,0
7837,0.99990090966095,0.5674,0,0
7838,0.99990033055348,0.5676,0,0
7839,0.99989975144578,0.5678,0,0
7840,0.99989917233786,0.568,0,0
7841,0.9998985932297,0.5682,0,0
7842,0.99989801412132,0.5684,0,0
7843,0.99989743501272,0.5686,0,0
7844,0.99989685590388,0.5688,0,0
7845,0.99989627679482,0.569,0,0
7846,0.99989569768553,0.5692,0,0
7847,0.99989511857601,0.5694,0,0
7848,0.99989453946627,0.5696,0,0
7849,0.9998939603563,0.5698,0,0
7850,0.9998933812461,0.57,0,0
7851,0.99989280213568,0.5702,0,0
7852,0.99989222302502,0.5704,0,0
7853,0.99989164391414,0.5706,0,0
7854,0.99989106480303,0.5708,0,0
7855,0.9998904856917,0.571,0,0
7856,0.99988990658014,0.5712,0,0
7857,0.99988932746835,0.5714,0,0
7858,0.99988874835633,0.5716,0,0
7859,0.99988816924409,0.5718,0,0
7860,0.99988759013161,0.572,0,0
7861,0.99988701101891,0.5722,0,0
7862,0.99988643190599,0.5724,0,0
7863,0.99988585279283,0.5726,0,0
7864,0.99988527367945,0.5728,0,0
7865,0.99988469456584,0.573,0,0
7866,0.99988411545201,0.5732,0,0
7867,0.99988353633794,0.5734,0,0
7868,0.99988295722365,0.5736,0,0
7869,0.99988237810913,0.5738,0,0
7870,0.99988179899439,0.574,0,0
7871,0.99988121987942,0.5742,0,0
7872,0.99988064076422,0.5744,0,0
7873,0.99988006164879,0.5746,0,0
7874,0.99987948253313,0.5748,0,0
7875,0.99987890341725,0.575,0,0
7876,0.99987832430114,0.5752,0,0
7877,0.99987774518481,0.5754,0,0
7878,0.99987716606824,0.5756,0,0
7879,0.99987658695145,0.5758,0,0
7880,0.99987600783443,0.576,0,0
7881,0.99987542871718,0.5762,0,0
7882,0.99987484959971,0.5764,0,0
7883,0.99987427048201,0.5766,0,0
7884,0.99987369136408,0.5768,0,0
7885,0.99987311224593,0.577,0,0
7886,0.99987253312754,0.5772,0,0
7887,0.99987195400893,0.5774,0,0
7888,0.99987137489009,0.5776,0,0
7889,0.99987079577103,0.5778,0,0
7890,0.99987021665174,0.578,0,0
7891,0.99986963753222,0.5782,0,0
7892,0.99986905841247,0.5784,0,0
7893,0.99986847929249,0.5786,0,0
7894,0.99986790017229,0.5788,0,0
7895,0.99986732105186,0.579,0,0
7896,0.9998667419312,0.5792,0,0
7897,0.99986616281032,0.5794,0,0
7898,0.99986558368921,0.5796,0,0
7899,0.99986500456787,0.5798,0,0
7900,0.9998644254463,0.58,0,0
7901,0.99986384632451,0.5802,0,0
7902,0.99986326720249,0.5804,0,0
7903,0.99986268808024,0.5806,0,0
7904,0.99986210895777,0.5808,0,0
7905,0.99986152983506,0.581,0,0
7906,0.99986095071213,0.5812,0,0
7907,0.99986037158897,0.5814,0,0
7908,0.99985979246559,0.5816,0,0
7909,0.99985921334198,0.5818,0,0
7910,0.99985863421814,0.582,0,0
7911,0.99985805509407,0.5822,0,0
7912,0.99985747596978,0.5824,0,0
7913,0.99985689684525,0.5826,0,0
7914,0.9998563177205,0.5828,0,0
7915,0.99985573859553,0.583,0,0
7916,0.99985515947032,0.5832,0,0
7917,0.99985458034489,0.5834,0,0
7918,0.99985400121923,0.5836,0,0
7919,0.99985342209335,0.5838,0,0
7920,0.99985284296723,0.584,0,0
7921,0.99985226384089,0.5842,0,0
7922,0.99985168471432,0.5844,0,0
7923,0.99985110558753,0.5846,0,0
7924,0.99985052646051,0.5848,0,0
7925,0.99984994733326,0.585,0,0
7926,0.99984936820578,0.5852,0,0
7927,0.99984878907807,0.5854,0,0
7928,0.99984820995014,0.5856,0,0
7929,0.99984763082198,0.5858,0,0
7930,0.99984705169359,0.586,0,0
7931,0.99984647256498,0.5862,0,0
7932,0.99984589343614,0.5864,0,0
7933,0.99984531430707,0.5866,0,0
7934,0.99984473517777,0.5868,0,0
7935,0.99984415604825,0.587,0,0
7936,0.9998435769185,0.5872,0,0
7937,0.99984299778852,0.5874,0,0
7938,0.99984241865831,0.5876,0,0
7939,0.99984183952788,0.5878,0,0
7940,0.99984126039722,0.588,0,0
7941,0.99984068126633,0.5882,0,0
7942,0.99984010213521,0.5884,0,0
7943,0.99983952300387,0.5886,0,0
7944,0.9998389438723,0.5888,0,0
7945,0.9998383647405,0.589,0,0
7946,0.99983778560848,0.5892,0,0
7947,0.99983720647622,0.5894,0,0
7948,0.99983662734374,0.5896,0,0
7949,0.99983604821104,0.5898,0,0
7950,0.9998354690781,0.59,0,0
7951,0.99983488994494,0.5902,0,0
7952,0.99983431081155,0.5904,0,0
7953,0.99983373167793,0.5906,0,0
7954,0.99983315254409,0.5908,0,0
7955,0.99983257341002,0.591,0,0
7956,0.99983199427572,0.5912,0,0
7957,0.99983141514119,0.5914,0,0
7958,0.99983083600644,0.5916,0,0
7959,0.99983025687146,0.5918,0,0
7960,0.99982967773625,0.592,0,0
7961,0.99982909860081,0.5922,0,0
7962,0.99982851946515,0.5924,0,0
7963,0.99982794032926,0.5926,0,0
7964,0.99982736119314,0.5928,0,0
7965,0.9998267820568,0.593,0,0
7966,0.99982620292022,0.5932,0,0
7967,0.99982562378342,0.5934,0,0
7968,0.9998250446464,0.5936,0,0
7969,0.99982446550914,0.5938,0,0
7970,0.99982388637166,0.594,0,0
7971,0.99982330723395,0.5942,0,0
7972,0.99982272809601,0.5944,0,0
7973,0.99982214895785,0.5946,0,0
7974,0.99982156981945,0.5948,0,0
7975,0.99982099068084,0.595,0,0
7976,0.99982041154199,0.5952,0,0
7977,0.99981983240292,0.5954,0,0
7978,0.99981925326361,0.5956,0,0
7979,0.99981867412409,0.5958,0,0
7980,0.99981809498433,0.596,0,0
7981,0.99981751584435,0.5962,0,0
7982,0.99981693670413,0.5964,0,0
7983,0.9998163575637,0.5966,0,0
7984,0.99981577842303,0.5968,0,0
7985,0.99981519928214,0.597,0,0
7986,0.99981462014102,0.5972,0,0
7987,0.99981404099967,0.5974,0,0
7988,0.99981346185809,0.5976,0,0
7989,0.99981288271629,0.5978,0,0
7990,0.99981230357426,0.598,0,0
7991,0.999811724432,0.5982,0,0
7992,0.99981114528952,0.5984,0,0
7993,0.99981056614681,0.5986,0,0
7994,0.99980998700387,0.5988,0,0
7995,0.9998094078607,0.599,0,0
7996,0.99980882871731,0.5992,0,0
7997,0.99980824957368,0.5994,0,0
7998,0.99980767042983,0.5996,0,0
7999,0.99980709128576,0.5998,0,0
8000,0.99980651214145,0.6,0,0
8001,0.99980593299692,0.6002,0,0
8002,0.99980535385216,0.6004,0,0
8003,0.99980477470718,0.6006,0,0
8004,0.99980419556196,0.6008,0,0
8005,0.99980361641652,0.601,0,0
8006,0.99980303727086,0.6012,0,0
8007,0.99980245812496,0.6014,0,0
8008,0.99980187897884,0.6016,0,0
8009,0.99980129983249,0.6018,0,0
8010,0.99980072068591,0.602,0,0
8011,0.9998001415391,0.6022,0,0
8012,0.99979956239207,0.6024,0,0
8013,0.99979898324481,0.6026,0,0
8014,0.99979840409732,0.6028,0,0
8015,0.99979782494961,0.603,0,0
8016,0.99979724580167,0.6032,0,0
8017,0.9997966666535,0.6034,0,0
8018,0.9997960875051,0.6036,0,0
8019,0.99979550835648,0.6038,0,0
8020,0.99979492920762,0.604,0,0
8021,0.99979435005854,0.6042,0,0
8022,0.99979377090924,0.6044,0,0
8023,0.9997931917597,0.6046,0,0
8024,0.99979261260994,0.6048,0,0
8025,0.99979203345995,0.605,0,0
8026,0.99979145430974,0.6052,0,0
8027,0.99979087515929,0.6054,0,0
8028,0.99979029600862,0.6056,0,0
8029,0.99978971685772,0.6058,0,0
8030,0.9997891377066,0.606,0,0
8031,0.99978855855525,0.6062,0,0
8032,0.99978797940367,0.6064,0,0
8033,0.99978740025186,0.6066,0,0
8034,0.99978682109982,0.6068,0,0
8035,0.99978624194756,0.607,0,0
8036,0.99978566279507,0.6072,0,0
8037,0.99978508364235,0.6074,0,0
8038,0.99978450448941,0.6076,0,0
8039,0.99978392533623,0.6078,0,0
8040,0.99978334618283,0.608,0,0
8041,0.99978276702921,0.6082,0,0
8042,0.99978218787535,0.6084,0,0
8043,0.99978160872127,0.6086,0,0
8044,0.99978102956696,0.6088,0,0
8045,0.99978045041242,0.609,0,0
8046,0.99977987125766,0.6092,0,0
8047,0.99977929210267,0.6094,0,0
8048,0.99977871294745,0.6096,0,0
8049,0.999778133792,0.6098,0,0
8050,0.99977755463633,0.61,0,0
8051,0.99977697548043,0.6102,0,0
8052,0.9997763963243,0.6104,0,0
8053,0.99977581716794,0.6106,0,0
8054,0.99977523801136,0.6108,0,0
8055,0.99977465885455,0.611,0,0
8056,0.99977407969751,0.6112,0,0
8057,0.99977350054024,0.6114,0,0
8058,0.99977292138275,0.6116,0,0
8059,0.99977234222503,0.6118,0,0
8060,0.99977176306708,0.612,0,0
8061,0.99977118390891,0.6122,0,0
8062,0.9997706047505,0.6124,0,0
8063,0.99977002559187,0.6126,0,0
8064,0.99976944643302,0.6128,0,0
8065,0.99976886727393,0.613,0,0
8066,0.99976828811462,0.6132,0,0
8067,0.99976770895508,0.6134,0,0
8068,0.99976712979531,0.6136,0,0
8069,0.99976655063532,0.6138,0,0
8070,0.9997659714751,0.614,0,0
8071,0.99976539231465,0.6142,0,0
8072,0.99976481315397,0.6144,0,0
8073,0.99976423399306,0.6146,0,0
8074,0.99976365483193,0.6148,0,0
8075,0.99976307567057,0.615,0,0
8076,0.99976249650899,0.6152,0,0
8077,0.99976191734717,0.6154,0,0
8078,0.99976133818513,0.6156,0,0
8079,0.99976075902286,0.6158,0,0
8080,0.99976017986037,0.616,0,0
8081,0.99975960069764,0.6162,0,0
8082,0.99975902153469,0.6164,0,0
8083,0.99975844237151,0.6166,0,0
8084,0.99975786320811,0.6168,0,0
8085,0.99975728404447,0.617,0,0
8086,0.99975670488061,0.6172,0,0
8087,0.99975612571653,0.6174,0,0
8088,0.99975554655221,0.6176,0,0
8089,0.99975496738767,0.6178,0,0
8090,0.9997543882229,0.618,0,0
8091,0.9997538090579,0.6182,0,0
8092,0.99975322989267,0.6184,0,0
8093,0.99975265072722,0.6186,0,0
8094,0.99975207156154,0.6188,0,0
8095,0.99975149239563,0.619,0,0
8096,0.9997509132295,0.6192,0,0
8097,0.99975033406314,0.6194,0,0
8098,0.99974975489655,0.6196,0,0
8099,0.99974917572973,0.6198,0,0
8100,0.99974859656269,0.62,0,0
8101,0.99974801739541,0.6202,0,0
8102,0.99974743822791,0.6204,0,0
8103,0.99974685906019,0.6206,0,0
8104,0.99974627989223,0.6208,0,0
8105,0.99974570072405,0.621,0,0
8106,0.99974512155564,0.6212,0,0
8107,0.99974454238701,0.6214,0,0
8108,0.99974396321814,0.6216,0,0
8109,0.99974338404905,0.6218,0,0
8110,0.99974280487973,0.622,0,0
8111,0.99974222571019,0.6222,0,0
8112,0.99974164654041,0.6224,0,0
8113,0.99974106737041,0.6226,0,0
8114,0.99974048820018,0.6228,0,0
8115,0.99973990902973,0.623,0,0
8116,0.99973932985904,0.6232,0,0
8117,0.99973875068813,0.6234,0,0
8118,0.99973817151699,0.6236,0,0
8119,0.99973759234563,0.6238,0,0
8120,0.99973701317404,0.624,0,0
8121,0.99973643400222,0.6242,0,0
8122,0.99973585483017,0.6244,0,0
8123,0.99973527565789,0.6246,0,0
8124,0.99973469648539,0.6248,0,0
8125,0.99973411731266,0.625,0,0
8126,0.9997335381397,0.6252,0,0
8127,0.99973295896652,0.6254,0,0
8128,0.9997323797931,0.6256,0,0
8129,0.99973180061946,0.6258,0,0
8130,0.9997312214456,0.626,0,0
8131,0.9997306422715,0.6262,0,0
8132,0.99973006309718,0.6264,0,0
8133,0.99972948392263,0.6266,0,0
8134,0.99972890474785,0.6268,0,0
8135,0.99972832557285,0.627,0,0
8136,0.99972774639762,0.6272,0,0
8137,0.99972716722216,0.6274,0,0
8138,0.99972658804647,0.6276,0,0
8139,0.99972600887056,0.6278,0,0
8140,0.99972542969442,0.628,0,0
8141,0.99972485051805,0.6282,0,0
8142,0.99972427134145,0.6284,0,0
8143,0.99972369216463,0.6286,0,0
8144,0.99972311298758,0.6288,0,0
8145,0.9997225338103,0.629,0,0
8146,0.99972195463279,0.6292,0,0
8147,0.99972137545506,0.6294,0,0
8148,0.9997207962771,0.6296,0,0
8149,0.99972021709891,0.6298,0,0
8150,0.99971963792049,0.63,0,0
8151,0.99971905874185,0.6302,0,0
8152,0.99971847956298,0.6304,0,0
8153,0.99971790038388,0.6306,0,0
8154,0.99971732120455,0.6308,0,0
8155,0.999716742025,0.631,0,0
8156,0.99971616284522,0.6312,0,0
8157,0.99971558366521,0.6314,0,0
8158,0.99971500448498,0.6316,0,0
8159,0.99971442530451,0.6318,0,0
8160,0.99971384612382,0.632,0,0
8161,0.9997132669429,0.6322,0,0
8162,0.99971268776176,0.6324,0,0
8163,0.99971210858039,0.6326,0,0
8164,0.99971152939879,0.6328,0,0
8165,0.99971095021696,0.633,0,0
8166,0.9997103710349,0.6332,0,0
8167,0.99970979185262,0.6334,0,0
8168,0.99970921267011,0.6336,0,0
8169,0.99970863348737,0.6338,0,0
8170,0.99970805430441,0.634,0,0
8171,0.99970747512122,0.6342,0,0
8172,0.9997068959378,0.6344,0,0
8173,0.99970631675415,0.6346,0,0
8174,0.99970573757028,0.6348,0,0
8175,0.99970515838618,0.635,0,0
8176,0.99970457920185,0.6352,0,0
8177,0.99970400001729,0.6354,0,0
8178,0.9997034208325,0.6356,0,0
8179,0.99970284164749,0.6358,0,0
8180,0.99970226246225,0.636,0,0
8181,0.99970168327679,0.6362,0,0
8182,0.99970110409109,0.6364,0,0
8183,0.99970052490517,0.6366,0,0
8184,0.99969994571902,0.6368,0,0
8185,0.99969936653265,0.637,0,0
8186,0.99969878734604,0.6372,0,0
8187,0.99969820815921,0.6374,0,0
8188,0.99969762897215,0.6376,0,0
8189,0.99969704978487,0.6378,0,0
8190,0.99969647059735,0.638,0,0
8191,0.99969589140961,0.6382,0,0
8192,0.99969531222164,0.6384,0,0
8193,0.99969473303345,0.6386,0,0
8194,0.99969415384502,0.6388,0,0
8195,0.99969357465637,0.639,0,0
8196,0.9996929954675,0.6392,0,0
8197,0.99969241627839,0.6394,0,0
8198,0.99969183708906,0.6396,0,0
8199,0.9996912578995,0.6398,0,0
8200,0.99969067870971,0.64,0,0
8201,0.99969009951969,0.6402,0,0
8202,0.99968952032945,0.6404,0,0
8203,0.99968894113898,0.6406,0,0
8204,0.99968836194828,0.6408,0,0
8205,0.99968778275736,0.641,0,0
8206,0.9996872035662,0.6412,0,0
8207,0.99968662437482,0.6414,0,0
8208,0.99968604518321,0.6416,0,0
8209,0.99968546599138,0.6418,0,0
8210,0.99968488679932,0.642,0,0
8211,0.99968430760703,0.6422,0,0
8212,0.99968372841451,0.6424,0,0
8213,0.99968314922176,0.6426,0,0
8214,0.99968257002879,0.6428,0,0
8215,0.99968199083559,0.643,0,0
8216,0.99968141164216,0.6432,0,0
8217,0.99968083244851,0.6434,0,0
8218,0.99968025325463,0.6436,0,0
8219,0.99967967406052,0.6438,0,0
8220,0.99967909486618,0.644,0,0
8221,0.99967851567162,0.6442,0,0
8222,0.99967793647682,0.6444,0,0
8223,0.9996773572818,0.6446,0,0
8224,0.99967677808656,0.6448,0,0
8225,0.99967619889108,0.645,0,0
8226,0.99967561969538,0.6452,0,0
8227,0.99967504049945,0.6454,0,0
8228,0.9996744613033,0.6456,0,0
8229,0.99967388210691,0.6458,0,0
8230,0.9996733029103,0.646,0,0
8231,0.99967272371346,0.6462,0,0
8232,0.99967214451639,0.6464,0,0
8233,0.9996715653191,0.6466,0,0
8234,0.99967098612158,0.6468,0,0
8235,0.99967040692383,0.647,0,0
8236,0.99966982772585,0.6472,0,0
8237,0.99966924852765,0.6474,0,0
8238,0.99966866932922,0.6476,0,0
8239,0.99966809013056,0.6478,0,0
8240,0.99966751093167,0.648,0,0
8241,0.99966693173256,0.6482,0,0
8242,0.99966635253322,0.6484,0,0
8243,0.99966577333365,0.6486,0,0
8244,0.99966519413385,0.6488,0,0
8245,0.99966461493383,0.649,0,0
8246,0.99966403573358,0.6492,0,0
8247,0.9996634565331,0.6494,0,0
8248,0.99966287733239,0.6496,0,0
8249,0.99966229813146,0.6498,0,0
8250,0.9996617189303,0.65,0,0
8251,0.99966113972891,0.6502,0,0
8252,0.99966056052729,0.6504,0,0
8253,0.99965998132545,0.6506,0,0
8254,0.99965940212338,0.6508,0,0
8255,0.99965882292108,0.651,0,0
8256,0.99965824371856,0.6512,0,0
8257,0.9996576645158,0.6514,0,0
8258,0.99965708531282,0.6516,0,0
8259,0.99965650610961,0.6518,0,0
8260,0.99965592690618,0.652,0,0
8261,0.99965534770251,0.6522,0,0
8262,0.99965476849862,0.6524,0,0
8263,0.99965418929451,0.6526,0,0
8264,0.99965361009016,0.6528,0,0
8265,0.99965303088559,0.653,0,0
8266,0.99965245168079,0.6532,0,0
8267,0.99965187247576,0.6534,0,0
8268,0.9996512932705,0.6536,0,0
8269,0.99965071406502,0.6538,0,0
8270,0.99965013485931,0.654,0,0
8271,0.99964955565337,0.6542,0,0
8272,0.99964897644721,0.6544,0,0
8273,0.99964839724081,0.6546,0,0
8274,0.99964781803419,0.6548,0,0
8275,0.99964723882735,0.655,0,0
8276,0.99964665962027,0.6552,0,0
8277,0.99964608041297,0.6554,0,0
8278,0.99964550120544,0.6556,0,0
8279,0.99964492199768,0.6558,0,0
8280,0.9996443427897,0.656,0,0
8281,0.99964376358148,0.6562,0,0
8282,0.99964318437304,0.6564,0,0
8283,0.99964260516438,0.6566,0,0
8284,0.99964202595548,0.6568,0,0
8285,0.99964144674636,0.657,0,0
8286,0.99964086753701,0.6572,0,0
8287,0.99964028832743,0.6574,0,0
8288,0.99963970911763,0.6576,0,0
8289,0.99963912990759,0.6578,0,0
8290,0.99963855069733,0.658,0,0
8291,0.99963797148685,0.6582,0,0
8292,0.99963739227613,0.6584,0,0
8293,0.99963681306519,0.6586,0,0
8294,0.99963623385402,0.6588,0,0
8295,0.99963565464262,0.659,0,0
8296,0.999635075431,0.6592,0,0
8297,0.99963449621915,0.6594,0,0
8298,0.99963391700707,0.6596,0,0
8299,0.99963333779476,0.6598,0,0
8300,0.99963275858223,0.66,0,0
8301,0.99963217936946,0.6602,0,0
8302,0.99963160015647,0.6604,0,0
8303,0.99963102094326,0.6606,0,0
8304,0.99963044172981,0.6608,0,0
8305,0.99962986251614,0.661,0,0
8306,0.99962928330224,0.6612,0,0
8307,0.99962870408811,0.6614,0,0
8308,0.99962812487376,0.6616,0,0
8309,0.99962754565918,0.6618,0,0
8310,0.99962696644437,0.662,0,0
8311,0.99962638722933,0.6622,0,0
8312,0.99962580801407,0.6624,0,0
8313,0.99962522879857,0.6626,0,0
8314,0.99962464958286,0.6628,0,0
8315,0.99962407036691,0.663,0,0
8316,0.99962349115073,0.6632,0,0
8317,0.99962291193433,0.6634,0,0
8318,0.9996223327177,0.6636,0,0
8319,0.99962175350085,0.6638,0,0
8320,0.99962117428376,0.664,0,0
8321,0.99962059506645,0.6642,0,0
8322,0.99962001584891,0.6644,0,0
8323,0.99961943663114,0.6646,0,0
8324,0.99961885741315,0.6648,0,0
8325,0.99961827819493,0.665,0,0
8326,0.99961769897648,0.6652,0,0
8327,0.9996171197578,0.6654,0,0
8328,0.9996165405389,0.6656,0,0
8329,0.99961596131977,0.6658,0,0
8330,0.99961538210041,0.666,0,0
8331,0.99961480288082,0.6662,0,0
8332,0.99961422366101,0.6664,0,0
8333,0.99961364444097,0.6666,0,0
8334,0.9996130652207,0.6668,0,0
8335,0.9996124860002,0.667,0,0
8336,0.99961190677948,0.6672,0,0
8337,0.99961132755853,0.6674,0,0
8338,0.99961074833735,0.6676,0,0
8339,0.99961016911594,0.6678,0,0
8340,0.99960958989431,0.668,0,0
8341,0.99960901067244,0.6682,0,0
8342,0.99960843145036,0.6684,0,0
8343,0.99960785222804,0.6686,0,0
8344,0.9996072730055,0.6688,0,0
8345,0.99960669378272,0.669,0,0
8346,0.99960611455972,0.6692,0,0
8347,0.9996055353365,0.6694,0,0
8348,0.99960495611304,0.6696,0,0
8349,0.99960437688936,0.6698,0,0
8350,0.99960379766545,0.67,0,0
8351,0.99960321844132,0.6702,0,0
8352,0.99960263921695,0.6704,0,0
8353,0.99960205999236,0.6706,0,0
8354,0.99960148076754,0.6708,0,0
8355,0.9996009015425,0.671,0,0
8356,0.99960032231722,0.6712,0,0
8357,0.99959974309172,0.6714,0,0
8358,0.99959916386599,0.6716,0,0
8359,0.99959858464004,0.6718,0,0
8360,0.99959800541385,0.672,0,0
8361,0.99959742618744,0.6722,0,0
8362,0.9995968469608,0.6724,0,0
8363,0.99959626773394,0.6726,0,0
8364,0.99959568850684,0.6728,0,0
8365,0.99959510927952,0.673,0,0
8366,0.99959453005197,0.6732,0,0
8367,0.9995939508242,0.6734,0,0
8368,0.99959337159619,0.6736,0,0
8369,0.99959279236796,0.6738,0,0
8370,0.9995922131395,0.674,0,0
8371,0.99959163391082,0.6742,0,0
8372,0.9995910546819,0.6744,0,0
8373,0.99959047545276,0.6746,0,0
8374,0.99958989622339,0.6748,0,0
8375,0.99958931699379,0.675,0,0
8376,0.99958873776397,0.6752,0,0
8377,0.99958815853392,0.6754,0,0
8378,0.99958757930364,0.6756,0,0
8379,0.99958700007313,0.6758,0,0
8380,0.9995864208424,0.676,0,0
8381,0.99958584161144,0.6762,0,0
8382,0.99958526238025,0.6764,0,0
8383,0.99958468314883,0.6766,0,0
8384,0.99958410391719,0.6768,0,0
8385,0.99958352468532,0.677,0,0
8386,0.99958294545322,0.6772,0,0
8387,0.99958236622089,0.6774,0,0
8388,0.99958178698834,0.6776,0,0
8389,0.99958120775556,0.6778,0,0
8390,0.99958062852255,0.678,0,0
8391,0.99958004928931,0.6782,0,0
8392,0.99957947005585,0.6784,0,0
8393,0.99957889082216,0.6786,0,0
8394,0.99957831158824,0.6788,0,0
8395,0.99957773235409,0.679,0,0
8396,0.99957715311972,0.6792,0,0
8397,0.99957657388512,0.6794,0,0
8398,0.99957599465029,0.6796,0,0
8399,0.99957541541523,0.6798,0,0
8400,0.99957483617995,0.68,0,0
8401,0.99957425694444,0.6802,0,0
8402,0.9995736777087,0.6804,0,0
8403,0.99957309847273,0.6806,0,0
8404,0.99957251923654,0.6808,0,0
8405,0.99957194000011,0.681,0,0
8406,0.99957136076347,0.6812,0,0
8407,0.99957078152659,0.6814,0,0
8408,0.99957020228949,0.6816,0,0
8409,0.99956962305215,0.6818,0,0
8410,0.99956904381459,0.682,0,0
8411,0.99956846457681,0.6822,0,0
8412,0.99956788533879,0.6824,0,0
8413,0.99956730610055,0.6826,0,0
8414,0.99956672686208,0.6828,0,0
8415,0.99956614762339,0.683,0,0
8416,0.99956556838446,0.6832,0,0
8417,0.99956498914531,0.6834,0,0
8418,0.99956440990593,0.6836,0,0
8419,0.99956383066632,0.6838,0,0
8420,0.99956325142649,0.684,0,0
8421,0.99956267218643,0.6842,0,0
8422,0.99956209294614,0.6844,0,0
8423,0.99956151370562,0.6846,0,0
8424,0.99956093446488,0.6848,0,0
8425,0.99956035522391,0.685,0,0
8426,0.99955977598271,0.6852,0,0
8427,0.99955919674128,0.6854,0,0
8428,0.99955861749963,0.6856,0,0
8429,0.99955803825774,0.6858,0,0
8430,0.99955745901564,0.686,0,0
8431,0.9995568797733,0.6862,0,0
8432,0.99955630053073,0.6864,0,0
8433,0.99955572128794,0.6866,0,0
8434,0.99955514204492,0.6868,0,0
8435,0.99955456280168,0.687,0,0
8436,0.9995539835582,0.6872,0,0
8437,0.9995534043145,0.6874,0,0
8438,0.99955282507057,0.6876,0,0
8439,0.99955224582641,0.6878,0,0
8440,0.99955166658203,0.688,0,0
8441,0.99955108733742,0.6882,0,0
8442,0.99955050809258,0.6884,0,0
8443,0.99954992884751,0.6886,0,0
8444,0.99954934960221,0.6888,0,0
8445,0.99954877035669,0.689,0,0
8446,0.99954819111094,0.6892,0,0
8447,0.99954761186496,0.6894,0,0
8448,0.99954703261876,0.6896,0,0
8449,0.99954645337233,0.6898,0,0
8450,0.99954587412567,0.69,0,0
8451,0.99954529487878,0.6902,0,0
8452,0.99954471563167,0.6904,0,0
8453,0.99954413638432,0.6906,0,0
8454,0.99954355713675,0.6908,0,0
8455,0.99954297788896,0.691,0,0
8456,0.99954239864093,0.6912,0,0
8457,0.99954181939268,0.6914,0,0
8458,0.9995412401442,0.6916,0,0
8459,0.99954066089549,0.6918,0,0
8460,0.99954008164656,0.692,0,0
8461,0.99953950239739,0.6922,0,0
8462,0.999538923148,0.6924,0,0
8463,0.99953834389839,0.6926,0,0
8464,0.99953776464854,0.6928,0,0
8465,0.99953718539847,0.693,0,0
8466,0.99953660614817,0.6932,0,0
8467,0.99953602689764,0.6934,0,0
8468,0.99953544764688,0.6936,0,0
8469,0.9995348683959,0.6938,0,0
8470,0.99953428914469,0.694,0,0
8471,0.99953370989325,0.6942,0,0
8472,0.99953313064159,0.6944,0,0
8473,0.99953255138969,0.6946,0,0
8474,0.99953197213757,0.6948,0,0
8475,0.99953139288523,0.695,0,0
8476,0.99953081363265,0.6952,0,0
8477,0.99953023437985,0.6954,0,0
8478,0.99952965512682,0.6956,0,0
8479,0.99952907587356,0.6958,0,0
8480,0.99952849662007,0.696,0,0
8481,0.99952791736636,0.6962,0,0
8482,0.99952733811242,0.6964,0,0
8483,0.99952675885825,0.6966,0,0
8484,0.99952617960386,0.6968,0,0
8485,0.99952560034923,0.697,0,0
8486,0.99952502109438,0.6972,0,0
8487,0.9995244418393,0.6974,0,0
8488,0.999523862584,0.6976,0,0
8489,0.99952328332846,0.6978,0,0
8490,0.9995227040727,0.698,0,0
8491,0.99952212481671,0.6982,0,0
8492,0.9995215455605,0.6984,0,0
8493,0.99952096630405,0.6986,0,0
8494,0.99952038704738,0.6988,0,0
8495,0.99951980779048,0.699,0,0
8496,0.99951922853336,0.6992,0,0
8497,0.999518649276,0.6994,0,0
8498,0.99951807001842,0.6996,0,0
8499,0.99951749076061,0.6998,0,0
8500,0.99951691150258,0.7,0,0
8501,0.99951633224431,0.7002,0,0
8502,0.99951575298582,0.7004,0,0
8503,0.9995151737271,0.7006,0,0
8504,0.99951459446816,0.7008,0,0
8505,0.99951401520898,0.701,0,0
8506,0.99951343594958,0.7012,0,0
8507,0.99951285668995,0.7014,0,0
8508,0.9995122774301,0.7016,0,0
8509,0.99951169817001,0.7018,0,0
8510,0.9995111189097,0.702,0,0
8511,0.99951053964916,0.7022,0,0
8512,0.99950996038839,0.7024,0,0
8513,0.9995093811274,0.7026,0,0
8514,0.99950880186618,0.7028,0,0
8515,0.99950822260473,0.703,0,0
8516,0.99950764334305,0.7032,0,0
8517,0.99950706408115,0.7034,0,0
8518,0.99950648481901,0.7036,0,0
8519,0.99950590555666,0.7038,0,0
8520,0.99950532629407,0.704,0,0
8521,0.99950474703125,0.7042,0,0
8522,0.99950416776821,0.7044,0,0
8523,0.99950358850494,0.7046,0,0
8524,0.99950300924144,0.7048,0,0
8525,0.99950242997772,0.705,0,0
8526,0.99950185071377,0.7052,0,0
8527,0.99950127144959,0.7054,0,0
8528,0.99950069218518,0.7056,0,0
8529,0.99950011292054,0.7058,0,0
8530,0.99949953365568,0.706,0,0
8531,0.99949895439059,0.7062,0,0
8532,0.99949837512527,0.7064,0,0
8533,0.99949779585973,0.7066,0,0
8534,0.99949721659395,0.7068,0,0
8535,0.99949663732795,0.707,0,0
8536,0.99949605806173,0.7072,0,0
8537,0.99949547879527,0.7074,0,0
8538,0.99949489952859,0.7076,0,0
8539,0.99949432026168,0.7078,0,0
8540,0.99949374099454,0.708,0,0
8541,0.99949316172717,0.7082,0,0
8542,0.99949258245958,0.7084,0,0
8543,0.99949200319176,0.7086,0,0
8544,0.99949142392371,0.7088,0,0
8545,0.99949084465544,0.709,0,0
8546,0.99949026538693,0.7092,0,0
8547,0.9994896861182,0.7094,0,0
8548,0.99948910684924,0.7096,0,0
8549,0.99948852758006,0.7098,0,0
8550,0.99948794831064,0.71,0,0
8551,0.999487369041,0.7102,0,0
8552,0.99948678977113,0.7104,0,0
8553,0.99948621050104,0.7106,0,0
8554,0.99948563123071,0.7108,0,0
8555,0.99948505196016,0.711,0,0
8556,0.99948447268938,0.7112,0,0
8557,0.99948389341838,0.7114,0,0
8558,0.99948331414714,0.7116,0,0
8559,0.99948273487568,0.7118,0,0
8560,0.99948215560399,0.712,0,0
8561,0.99948157633207,0.7122,0,0
8562,0.99948099705993,0.7124,0,0
8563,0.99948041778756,0.7126,0,0
8564,0.99947983851496,0.7128,0,0
8565,0.99947925924213,0.713,0,0
8566,0.99947867996908,0.7132,0,0
8567,0.9994781006958,0.7134,0,0
8568,0.99947752142229,0.7136,0,0
8569,0.99947694214855,0.7138,0,0
8570,0.99947636287458,0.714,0,0
8571,0.99947578360039,0.7142,0,0
8572,0.99947520432597,0.7144,0,0
8573,0.99947462505132,0.7146,0,0
8574,0.99947404577645,0.7148,0,0
8575,0.99947346650135,0.715,0,0
8576,0.99947288722602,0.7152,0,0
8577,0.99947230795046,0.7154,0,0
8578,0.99947172867467,0.7156,0,0
8579,0.99947114939866,0.7158,0,0
8580,0.99947057012242,0.716,0,0
8581,0.99946999084595,0.7162,0,0
8582,0.99946941156926,0.7164,0,0
8583,0.99946883229233,0.7166,0,0
8584,0.99946825301518,0.7168,0,0
8585,0.99946767373781,0.717,0,0
8586,0.9994670944602,0.7172,0,0
8587,0.99946651518237,0.7174,0,0
8588,0.99946593590431,0.7176,0,0
8589,0.99946535662602,0.7178,0,0
8590,0.9994647773475,0.718,0,0
8591,0.99946419806876,0.7182,0,0
8592,0.99946361878979,0.7184,0,0
8593,0.99946303951059,0.7186,0,0
8594,0.99946246023116,0.7188,0,0
8595,0.99946188095151,0.719,0,0
8596,0.99946130167163,0.7192,0,0
8597,0.99946072239152,0.7194,0,0
8598,0.99946014311118,0.7196,0,0
8599,0.99945956383062,0.7198,0,0
8600,0.99945898454983,0.72,0,0
8601,0.99945840526881,0.7202,0,0
8602,0.99945782598756,0.7204,0,0
8603,0.99945724670608,0.7206,0,0
8604,0.99945666742438,0.7208,0,0
8605,0.99945608814245,0.721,0,0
8606,0.9994555088603,0.7212,0,0
8607,0.99945492957791,0.7214,0,0
8608,0.9994543502953,0.7216,0,0
8609,0.99945377101246,0.7218,0,0
8610,0.99945319172939,0.722,0,0
8611,0.9994526124461,0.7222,0,0
8612,0.99945203316257,0.7224,0,0
8613,0.99945145387882,0.7226,0,0
8614,0.99945087459485,0.7228,0,0
8615,0.99945029531064,0.723,0,0
8616,0.99944971602621,0.7232,0,0
8617,0.99944913674155,0.7234,0,0
8618,0.99944855745666,0.7236,0,0
8619,0.99944797817155,0.7238,0,0
8620,0.9994473988862,0.724,0,0
8621,0.99944681960063,0.7242,0,0
8622,0.99944624031483,0.7244,0,0
8623,0.99944566102881,0.7246,0,0
8624,0.99944508174255,0.7248,0,0
8625,0.99944450245607,0.725,0,0
8626,0.99944392316936,0.7252,0,0
8627,0.99944334388243,0.7254,0,0
8628,0.99944276459526,0.7256,0,0
8629,0.99944218530787,0.7258,0,0
8630,0.99944160602025,0.726,0,0
8631,0.99944102673241,0.7262,0,0
8632,0.99944044744433,0.7264,0,0
8633,0.99943986815603,0.7266,0,0
8634,0.9994392888675,0.7268,0,0
8635,0.99943870957875,0.727,0,0
8636,0.99943813028976,0.7272,0,0
8637,0.99943755100055,0.7274,0,0
8638,0.99943697171111,0.7276,0,0
8639,0.99943639242144,0.7278,0,0
8640,0.99943581313155,0.728,0,0
8641,0.99943523384143,0.7282,0,0
8642,0.99943465455108,0.7284,0,0
8643,0.9994340752605,0.7286,0,0
8644,0.9994334959697,0.7288,0,0
8645,0.99943291667866,0.729,0,0
8646,0.9994323373874,0.7292,0,0
8647,0.99943175809591,0.7294,0,0
8648,0.9994311788042,0.7296,0,0
8649,0.99943059951226,0.7298,0,0
8650,0.99943002022009,0.73,0,0
8651,0.99942944092769,0.7302,0,0
8652,0.99942886163506,0.7304,0,0
8653,0.99942828234221,0.7306,0,0
8654,0.99942770304913,0.7308,0,0
8655,0.99942712375582,0.731,0,0
8656,0.99942654446228,0.7312,0,0
8657,0.99942596516852,0.7314,0,0
8658,0.99942538587453,0.7316,0,0
8659,0.99942480658031,0.7318,0,0
8660,0.99942422728586,0.732,0,0
8661,0.99942364799119,0.7322,0,0
8662,0.99942306869629,0.7324,0,0
8663,0.99942248940116,0.7326,0,0
8664,0.9994219101058,0.7328,0,0
8665,0.99942133081022,0.733,0,0
8666,0.99942075151441,0.7332,0,0
8667,0.99942017221837,0.7334,0,0
8668,0.9994195929221,0.7336,0,0
8669,0.99941901362561,0.7338,0,0
8670,0.99941843432888,0.734,0,0
8671,0.99941785503194,0.7342,0,0
8672,0.99941727573476,0.7344,0,0
8673,0.99941669643735,0.7346,0,0
8674,0.99941611713972,0.7348,0,0
8675,0.99941553784186,0.735,0,0
8676,0.99941495854377,0.7352,0,0
8677,0.99941437924546,0.7354,0,0
8678,0.99941379994691,0.7356,0,0
8679,0.99941322064814,0.7358,0,0
8680,0.99941264134915,0.736,0,0
8681,0.99941206204992,0.7362,0,0
8682,0.99941148275047,0.7364,0,0
8683,0.99941090345079,0.7366,0,0
8684,0.99941032415088,0.7368,0,0
8685,0.99940974485074,0.737,0,0
8686,0.99940916555038,0.7372,0,0
8687,0.99940858624979,0.7374,0,0
8688,0.99940800694897,0.7376,0,0
8689,0.99940742764792,0.7378,0,0
8690,0.99940684834665,0.738,0,0
8691,0.99940626904515,0.7382,0,0
8692,0.99940568974342,0.7384,0,0
8693,0.99940511044146,0.7386,0,0
8694,0.99940453113928,0.7388,0,0
8695,0.99940395183686,0.739,0,0
8696,0.99940337253423,0.7392,0,0
8697,0.99940279323136,0.7394,0,0
8698,0.99940221392826,0.7396,0,0
8699,0.99940163462494,0.7398,0,0
8700,0.99940105532139,0.74,0,0
8701,0.99940047601761,0.7402,0,0
8702,0.99939989671361,0.7404,0,0
8703,0.99939931740938,0.7406,0,0
8704,0.99939873810492,0.7408,0,0
8705,0.99939815880023,0.741,0,0
8706,0.99939757949531,0.7412,0,0
8707,0.99939700019017,0.7414,0,0
8708,0.9993964208848,0.7416,0,0
8709,0.9993958415792,0.7418,0,0
8710,0.99939526227337,0.742,0,0
8711,0.99939468296732,0.7422,0,0
8712,0.99939410366104,0.7424,0,0
8713,0.99939352435453,0.7426,0,0
8714,0.99939294504779,0.7428,0,0
8715,0.99939236574083,0.743,0,0
8716,0.99939178643364,0.7432,0,0
8717,0.99939120712622,0.7434,0,0
8718,0.99939062781857,0.7436,0,0
8719,0.9993900485107,0.7438,0,0
8720,0.9993894692026,0.744,0,0
8721,0.99938888989427,0.7442,0,0
8722,0.99938831058571,0.7444,0,0
8723,0.99938773127693,0.7446,0,0
8724,0.99938715196791,0.7448,0,0
8725,0.99938657265867,0.745,0,0
8726,0.99938599334921,0.7452,0,0
8727,0.99938541403951,0.7454,0,0
8728,0.99938483472959,0.7456,0,0
8729,0.99938425541944,0.7458,0,0
8730,0.99938367610906,0.746,0,0
8731,0.99938309679845,0.7462,0,0
8732,0.99938251748762,0.7464,0,0
8733,0.99938193817656,0.7466,0,0
8734,0.99938135886527,0.7468,0,0
8735,0.99938077955376,0.747,0,0
8736,0.99938020024201,0.7472,0,0
8737,0.99937962093004,0.7474,0,0
8738,0.99937904161784,0.7476,0,0
8739,0.99937846230541,0.7478,0,0
8740,0.99937788299276,0.748,0,0
8741,0.99937730367988,0.7482,0,0
8742,0.99937672436677,0.7484,0,0
8743,0.99937614505343,0.7486,0,0
8744,0.99937556573987,0.7488,0,0
8745,0.99937498642608,0.749,0,0
8746,0.99937440711206,0.7492,0,0
8747,0.99937382779781,0.7494,0,0
8748,0.99937324848333,0.7496,0,0
8749,0.99937266916863,0.7498,0,0
8750,0.9993720898537,0.75,0,0
8751,0.99937151053854,0.7502,0,0
8752,0.99937093122316,0.7504,0,0
8753,0.99937035190754,0.7506,0,0
8754,0.9993697725917,0.7508,0,0
8755,0.99936919327564,0.751,0,0
8756,0.99936861395934,0.7512,0,0
8757,0.99936803464282,0.7514,0,0
8758,0.99936745532607,0.7516,0,0
8759,0.99936687600909,0.7518,0,0
8760,0.99936629669188,0.752,0,0
8761,0.99936571737445,0.7522,0,0
8762,0.99936513805679,0.7524,0,0
8763,0.9993645587389,0.7526,0,0
8764,0.99936397942078,0.7528,0,0
8765,0.99936340010243,0.753,0,0
8766,0.99936282078386,0.7532,0,0
8767,0.99936224146506,0.7534,0,0
8768,0.99936166214604,0.7536,0,0
8769,0.99936108282678,0.7538,0,0
8770,0.9993605035073,0.754,0,0
8771,0.99935992418759,0.7542,0,0
8772,0.99935934486765,0.7544,0,0
8773,0.99935876554749,0.7546,0,0
8774,0.99935818622709,0.7548,0,0
8775,0.99935760690647,0.755,0,0
8776,0.99935702758562,0.7552,0,0
8777,0.99935644826455,0.7554,0,0
8778,0.99935586894324,0.7556,0,0
8779,0.99935528962171,0.7558,0,0
8780,0.99935471029995,0.756,0,0
8781,0.99935413097797,0.7562,0,0
8782,0.99935355165575,0.7564,0,0
8783,0.99935297233331,0.7566,0,0
8784,0.99935239301064,0.7568,0,0
8785,0.99935181368775,0.757,0,0
8786,0.99935123436462,0.7572,0,0
8787,0.99935065504127,0.7574,0,0
8788,0.99935007571769,0.7576,0,0
8789,0.99934949639388,0.7578,0,0
8790,0.99934891706985,0.758,0,0
8791,0.99934833774559,0.7582,0,0
8792,0.9993477584211,0.7584,0,0
8793,0.99934717909638,0.7586,0,0
8794,0.99934659977143,0.7588,0,0
8795,0.99934602044626,0.759,0,0
8796,0.99934544112086,0.7592,0,0
8797,0.99934486179523,0.7594,0,0
8798,0.99934428246938,0.7596,0,0
8799,0.99934370314329,0.7598,0,0
8800,0.99934312381698,0.76,0,0
8801,0.99934254449044,0.7602,0,0
8802,0.99934196516368,0.7604,0,0
8803,0.99934138583668,0.7606,0,0
8804,0.99934080650946,0.7608,0,0
8805,0.99934022718201,0.761,0,0
8806,0.99933964785433,0.7612,0,0
8807,0.99933906852643,0.7614,0,0
8808,0.9993384891983,0.7616,0,0
8809,0.99933790986994,0.7618,0,0
8810,0.99933733054135,0.762,0,0
8811,0.99933675121253,0.7622,0,0
8812,0.99933617188349,0.7624,0,0
8813,0.99933559255422,0.7626,0,0
8814,0.99933501322472,0.7628,0,0
8815,0.999334433895,0.763,0,0
8816,0.99933385456504,0.7632,0,0
8817,0.99933327523486,0.7634,0,0
8818,0.99933269590445,0.7636,0,0
8819,0.99933211657382,0.7638,0,0
8820,0.99933153724296,0.764,0,0
8821,0.99933095791186,0.7642,0,0
8822,0.99933037858054,0.7644,0,0
8823,0.999329799249,0.7646,0,0
8824,0.99932921991722,0.7648,0,0
8825,0.99932864058522,0.765,0,0
8826,0.99932806125299,0.7652,0,0
8827,0.99932748192053,0.7654,0,0
8828,0.99932690258785,0.7656,0,0
8829,0.99932632325494,0.7658,0,0
8830,0.9993257439218,0.766,0,0
8831,0.99932516458843,0.7662,0,0
8832,0.99932458525483,0.7664,0,0
8833,0.99932400592101,0.7666,0,0
8834,0.99932342658696,0.7668,0,0
8835,0.99932284725268,0.767,0,0
8836,0.99932226791818,0.7672,0,0
8837,0.99932168858344,0.7674,0,0
8838,0.99932110924848,0.7676,0,0
8839,0.99932052991329,0.7678,0,0
8840,0.99931995057788,0.768,0,0
8841,0.99931937124223,0.7682,0,0
8842,0.99931879190636,0.7684,0,0
8843,0.99931821257026,0.7686,0,0
8844,0.99931763323393,0.7688,0,0
8845,0.99931705389738,0.769,0,0
8846,0.9993164745606,0.7692,0,0
8847,0.99931589522359,0.7694,0,0
8848,0.99931531588635,0.7696,0,0
8849,0.99931473654888,0.7698,0,0
8850,0.99931415721119,0.77,0,0
8851,0.99931357787327,0.7702,0,0
8852,0.99931299853512,0.7704,0,0
8853,0.99931241919675,0.7706,0,0
8854,0.99931183985814,0.7708,0,0
8855,0.99931126051931,0.771,0,0
8856,0.99931068118025,0.7712,0,0
8857,0.99931010184097,0.7714,0,0
8858,0.99930952250145,0.7716,0,0
8859,0.99930894316171,0.7718,0,0
8860,0.99930836382174,0.772,0,0
8861,0.99930778448155,0.7722,0,0
8862,0.99930720514112,0.7724,0,0
8863,0.99930662580047,0.7726,0,0
8864,0.99930604645959,0.7728,0,0
8865,0.99930546711848,0.773,0,0
8866,0.99930488777715,0.7732,0,0
8867,0.99930430843558,0.7734,0,0
8868,0.99930372909379,0.7736,0,0
8869,0.99930314975177,0.7738,0,0
8870,0.99930257040953,0.774,0,0
8871,0.99930199106706,0.7742,0,0
8872,0.99930141172435,0.7744,0,0
8873,0.99930083238143,0.7746,0,0
8874,0.99930025303827,0.7748,0,0
8875,0.99929967369489,0.775,0,0
8876,0.99929909435127,0.7752,0,0
8877,0.99929851500743,0.7754,0,0
8878,0.99929793566337,0.7756,0,0
8879,0.99929735631907,0.7758,0,0
8880,0.99929677697455,0.776,0,0
8881,0.9992961976298,0.7762,0,0
8882,0.99929561828482,0.7764,0,0
8883,0.99929503893962,0.7766,0,0
8884,0.99929445959418,0.7768,0,0
8885,0.99929388024852,0.777,0,0
8886,0.99929330090264,0.7772,0,0
8887,0.99929272155652,0.7774,0,0
8888,0.99929214221018,0.7776,0,0
8889,0.99929156286361,0.7778,0,0
8890,0.99929098351681,0.778,0,0
8891,0.99929040416978,0.7782,0,0
8892,0.99928982482253,0.7784,0,0
8893,0.99928924547504,0.7786,0,0
8894,0.99928866612733,0.7788,0,0
8895,0.9992880867794,0.779,0,0
8896,0.99928750743123,0.7792,0,0
8897,0.99928692808284,0.7794,0,0
8898,0.99928634873422,0.7796,0,0
8899,0.99928576938537,0.7798,0,0
8900,0.9992851900363,0.78,0,0
8901,0.99928461068699,0.7802,0,0
8902,0.99928403133746,0.7804,0,0
8903,0.99928345198771,0.7806,0,0
8904,0.99928287263772,0.7808,0,0
8905,0.99928229328751,0.781,0,0
8906,0.99928171393706,0.7812,0,0
8907,0.9992811345864,0.7814,0,0
8908,0.9992805552355,0.7816,0,0
8909,0.99927997588437,0.7818,0,0
8910,0.99927939653302,0.782,0,0
8911,0.99927881718144,0.7822,0,0
8912,0.99927823782964,0.7824,0,0
8913,0.9992776584776,0.7826,0,0
8914,0.99927707912534,0.7828,0,0
8915,0.99927649977285,0.783,0,0
8916,0.99927592042013,0.7832,0,0
8917,0.99927534106718,0.7834,0,0
8918,0.99927476171401,0.7836,0,0
8919,0.99927418236061,0.7838,0,0
8920,0.99927360300698,0.784,0,0
8921,0.99927302365313,0.7842,0,0
8922,0.99927244429904,0.7844,0,0
8923,0.99927186494473,0.7846,0,0
8924,0.99927128559019,0.7848,0,0
8925,0.99927070623542,0.785,0,0
8926,0.99927012688043,0.7852,0,0
8927,0.99926954752521,0.7854,0,0
8928,0.99926896816976,0.7856,0,0
8929,0.99926838881408,0.7858,0,0
8930,0.99926780945817,0.786,0,0
8931,0.99926723010204,0.7862,0,0
8932,0.99926665074568,0.7864,0,0
8933,0.99926607138909,0.7866,0,0
8934,0.99926549203228,0.7868,0,0
8935,0.99926491267523,0.787,0,0
8936,0.99926433331796,0.7872,0,0
8937,0.99926375396046,0.7874,0,0
8938,0.99926317460274,0.7876,0,0
8939,0.99926259524478,0.7878,0,0
8940,0.9992620158866,0.788,0,0
8941,0.99926143652819,0.7882,0,0
8942,0.99926085716955,0.7884,0,0
8943,0.99926027781069,0.7886,0,0
8944,0.9992596984516,0.7888,0,0
8945,0.99925911909228,0.789,0,0
8946,0.99925853973273,0.7892,0,0
8947,0.99925796037295,0.7894,0,0
8948,0.99925738101295,0.7896,0,0
8949,0.99925680165272,0.7898,0,0
8950,0.99925622229226,0.79,0,0
8951,0.99925564293157,0.7902,0,0
8952,0.99925506357066,0.7904,0,0
8953,0.99925448420952,0.7906,0,0
8954,0.99925390484815,0.7908,0,0
8955,0.99925332548655,0.791,0,0
8956,0.99925274612473,0.7912,0,0
8957,0.99925216676267,0.7914,0,0
8958,0.9992515874004,0.7916,0,0
8959,0.99925100803789,0.7918,0,0
8960,0.99925042867515,0.792,0,0
8961,0.99924984931219,0.7922,0,0
8962,0.999249269949,0.7924,0,0
8963,0.99924869058558,0.7926,0,0
8964,0.99924811122193,0.7928,0,0
8965,0.99924753185806,0.793,0,0
8966,0.99924695249396,0.7932,0,0
8967,0.99924637312963,0.7934,0,0
8968,0.99924579376507,0.7936,0,0
8969,0.99924521440029,0.7938,0,0
8970,0.99924463503528,0.794,0,0
8971,0.99924405567004,0.7942,0,0
8972,0.99924347630457,0.7944,0,0
8973,0.99924289693887,0.7946,0,0
8974,0.99924231757295,0.7948,0,0
8975,0.9992417382068,0.795,0,0
8976,0.99924115884042,0.7952,0,0
8977,0.99924057947382,0.7954,0,0
8978,0.99924000010698,0.7956,0,0
8979,0.99923942073992,0.7958,0,0
8980,0.99923884137263,0.796,0,0
8981,0.99923826200512,0.7962,0,0
8982,0.99923768263737,0.7964,0,0
8983,0.9992371032694,0.7966,0,0
8984,0.9992365239012,0.7968,0,0
8985,0.99923594453277,0.797,0,0
8986,0.99923536516412,0.7972,0,0
8987,0.99923478579524,0.7974,0,0
8988,0.99923420642613,0.7976,0,0
8989,0.99923362705679,0.7978,0,0
8990,0.99923304768722,0.798,0,0
8991,0.99923246831743,0.7982,0,0
8992,0.99923188894741,0.7984,0,0
8993,0.99923130957716,0.7986,0,0
8994,0.99923073020668,0.7988,0,0
8995,0.99923015083598,0.799,0,0
8996,0.99922957146505,0.7992,0,0
8997,0.99922899209389,0.7994,0,0
8998,0.9992284127225,0.7996,0,0
8999,0.99922783335089,0.7998,0,0
9000,0.99922725397904,0.8,0,0
9001,0.99922667460697,0.8002,0,0
9002,0.99922609523468,0.8004,0,0
9003,0.99922551586215,0.8006,0,0
9004,0.9992249364894,0.8008,0,0
9005,0.99922435711642,0.801,0,0
9006,0.99922377774321,0.8012,0,0
9007,0.99922319836977,0.8014,0,0
9008,0.99922261899611,0.8016,0,0
9009,0.99922203962221,0.8018,0,0
9010,0.9992214602481,0.802,0,0
9011,0.99922088087375,0.8022,0,0
9012,0.99922030149917,0.8024,0,0
9013,0.99921972212437,0.8026,0,0
9014,0.99921914274934,0.8028,0,0
9015,0.99921856337408,0.803,0,0
9016,0.9992179839986,0.8032,0,0
9017,0.99921740462288,0.8034,0,0
9018,0.99921682524694,0.8036,0,0
9019,0.99921624587077,0.8038,0,0
9020,0.99921566649438,0.804,0,0
9021,0.99921508711775,0.8042,0,0
9022,0.9992145077409,0.8044,0,0
9023,0.99921392836382,0.8046,0,0
9024,0.99921334898652,0.8048,0,0
9025,0.99921276960898,0.805,0,0
9026,0.99921219023122,0.8052,0,0
9027,0.99921161085323,0.8054,0,0
9028,0.99921103147501,0.8056,0,0
9029,0.99921045209657,0.8058,0,0
9030,0.99920987271789,0.806,0,0
9031,0.99920929333899,0.8062,0,0
9032,0.99920871395986,0.8064,0,0
9033,0.99920813458051,0.8066,0,0
9034,0.99920755520092,0.8068,0,0
9035,0.99920697582111,0.807,0,0
9036,0.99920639644107,0.8072,0,0
9037,0.9992058170608,0.8074,0,0
9038,0.99920523768031,0.8076,0,0
9039,0.99920465829959,0.8078,0,0
9040,0.99920407891864,0.808,0,0
9041,0.99920349953746,0.8082,0,0
9042,0.99920292015605,0.8084,0,0
9043,0.99920234077442,0.8086,0,0
9044,0.99920176139256,0.8088,0,0
9045,0.99920118201047,0.809,0,0
9046,0.99920060262815,0.8092,0,0
9047,0.99920002324561,0.8094,0,0
9048,0.99919944386284,0.8096,0,0
9049,0.99919886447984,0.8098,0,0
9050,0.99919828509661,0.81,0,0
9051,0.99919770571316,0.8102,0,0
9052,0.99919712632947,0.8104,0,0
9053,0.99919654694556,0.8106,0,0
9054,0.99919596756142,0.8108,0,0
9055,0.99919538817706,0.811,0,0
9056,0.99919480879247,0.8112,0,0
9057,0.99919422940764,0.8114,0,0
9058,0.9991936500226,0.8116,0,0
9059,0.99919307063732,0.8118,0,0
9060,0.99919249125181,0.812,0,0
9061,0.99919191186608,0.8122,0,0
9062,0.99919133248012,0.8124,0,0
9063,0.99919075309394,0.8126,0,0
9064,0.99919017370752,0.8128,0,0
9065,0.99918959432088,0.813,0,0
9066,0.99918901493401,0.8132,0,0
9067,0.99918843554691,0.8134,0,0
9068,0.99918785615958,0.8136,0,0
9069,0.99918727677203,0.8138,0,0
9070,0.99918669738425,0.814,0,0
9071,0.99918611799624,0.8142,0,0
9072,0.999185538608,0.8144,0,0
9073,0.99918495921954,0.8146,0,0
9074,0.99918437983085,0.8148,0,0
9075,0.99918380044193,0.815,0,0
9076,0.99918322105278,0.8152,0,0
9077,0.9991826416634,0.8154,0,0
9078,0.9991820622738,0.8156,0,0
9079,0.99918148288397,0.8158,0,0
9080,0.99918090349391,0.816,0,0
9081,0.99918032410362,0.8162,0,0
9082,0.99917974471311,0.8164,0,0
9083,0.99917916532237,0.8166,0,0
9084,0.9991785859314,0.8168,0,0
9085,0.9991780065402,0.817,0,0
9086,0.99917742714878,0.8172,0,0
9087,0.99917684775713,0.8174,0,0
9088,0.99917626836525,0.8176,0,0
9089,0.99917568897314,0.8178,0,0
9090,0.9991751095808,0.818,0,0
9091,0.99917453018824,0.8182,0,0
9092,0.99917395079545,0.8184,0,0
9093,0.99917337140243,0.8186,0,0
9094,0.99917279200918,0.8188,0,0
9095,0.99917221261571,0.819,0,0
9096,0.99917163322201,0.8192,0,0
9097,0.99917105382808,0.8194,0,0
9098,0.99917047443392,0.8196,0,0
9099,0.99916989503954,0.8198,0,0
9100,0.99916931564492,0.82,0,0
9101,0.99916873625008,0.8202,0,0
9102,0.99916815685501,0.8204,0,0
9103,0.99916757745972,0.8206,0,0
9104,0.99916699806419,0.8208,0,0
9105,0.99916641866844,0.821,0,0
9106,0.99916583927246,0.8212,0,0
9107,0.99916525987626,0.8214,0,0
9108,0.99916468047982,0.8216,0,0
9109,0.99916410108316,0.8218,0,0
9110,0.99916352168627,0.822,0,0
9111,0.99916294228915,0.8222,0,0
9112,0.99916236289181,0.8224,0,0
9113,0.99916178349423,0.8226,0,0
9114,0.99916120409643,0.8228,0,0
9115,0.99916062469841,0.823,0,0
9116,0.99916004530015,0.8232,0,0
9117,0.99915946590167,0.8234,0,0
9118,0.99915888650295,0.8236,0,0
9119,0.99915830710401,0.8238,0,0
9120,0.99915772770485,0.824,0,0
9121,0.99915714830545,0.8242,0,0
9122,0.99915656890583,0.8244,0,0
9123,0.99915598950598,0.8246,0,0
9124,0.9991554101059,0.8248,0,0
9125,0.9991548307056,0.825,0,0
9126,0.99915425130506,0.8252,0,0
9127,0.9991536719043,0.8254,0,0
9128,0.99915309250331,0.8256,0,0
9129,0.9991525131021,0.8258,0,0
9130,0.99915193370065,0.826,0,0
9131,0.99915135429898,0.8262,0,0
9132,0.99915077489708,0.8264,0,0
9133,0.99915019549495,0.8266,0,0
9134,0.9991496160926,0.8268,0,0
9135,0.99914903669001,0.827,0,0
9136,0.9991484572872,0.8272,0,0
9137,0.99914787788416,0.8274,0,0
9138,0.9991472984809,0.8276,0,0
9139,0.9991467190774,0.8278,0,0
9140,0.99914613967368,0.828,0,0
9141,0.99914556026973,0.8282,0,0
9142,0.99914498086556,0.8284,0,0
9143,0.99914440146115,0.8286,0,0
9144,0.99914382205652,0.8288,0,0
9145,0.99914324265166,0.829,0,0
9146,0.99914266324657,0.8292,0,0
9147,0.99914208384126,0.8294,0,0
9148,0.99914150443571,0.8296,0,0
9149,0.99914092502994,0.8298,0,0
9150,0.99914034562394,0.83,0,0
9151,0.99913976621772,0.8302,0,0
9152,0.99913918681126,0.8304,0,0
9153,0.99913860740458,0.8306,0,0
9154,0.99913802799767,0.8308,0,0
9155,0.99913744859053,0.831,0,0
9156,0.99913686918317,0.8312,0,0
9157,0.99913628977557,0.8314,0,0
9158,0.99913571036775,0.8316,0,0
9159,0.9991351309597,0.8318,0,0
9160,0.99913455155143,0.832,0,0
9161,0.99913397214292,0.8322,0,0
9162,0.99913339273419,0.8324,0,0
9163,0.99913281332523,0.8326,0,0
9164,0.99913223391604,0.8328,0,0
9165,0.99913165450663,0.833,0,0
9166,0.99913107509699,0.8332,0,0
9167,0.99913049568712,0.8334,0,0
9168,0.99912991627702,0.8336,0,0
9169,0.99912933686669,0.8338,0,0
9170,0.99912875745614,0.834,0,0
9171,0.99912817804536,0.8342,0,0
9172,0.99912759863435,0.8344,0,0
9173,0.99912701922311,0.8346,0,0
9174,0.99912643981165,0.8348,0,0
9175,0.99912586039996,0.835,0,0
9176,0.99912528098804,0.8352,0,0
9177,0.99912470157589,0.8354,0,0
9178,0.99912412216351,0.8356,0,0
9179,0.99912354275091,0.8358,0,0
9180,0.99912296333808,0.836,0,0
9181,0.99912238392502,0.8362,0,0
9182,0.99912180451173,0.8364,0,0
9183,0.99912122509822,0.8366,0,0
9184,0.99912064568448,0.8368,0,0
9185,0.99912006627051,0.837,0,0
9186,0.99911948685631,0.8372,0,0
9187,0.99911890744188,0.8374,0,0
9188,0.99911832802723,0.8376,0,0
9189,0.99911774861235,0.8378,0,0
9190,0.99911716919724,0.838,0,0
9191,0.99911658978191,0.8382,0,0
9192,0.99911601036634,0.8384,0,0
9193,0.99911543095055,0.8386,0,0
9194,0.99911485153453,0.8388,0,0
9195,0.99911427211828,0.839,0,0
9196,0.99911369270181,0.8392,0,0
9197,0.99911311328511,0.8394,0,0
9198,0.99911253386818,0.8396,0,0
9199,0.99911195445102,0.8398,0,0
9200,0.99911137503363,0.84,0,0
9201,0.99911079561602,0.8402,0,0
9202,0.99911021619818,0.8404,0,0
9203,0.99910963678011,0.8406,0,0
9204,0.99910905736181,0.8408,0,0
9205,0.99910847794329,0.841,0,0
9206,0.99910789852454,0.8412,0,0
9207,0.99910731910555,0.8414,0,0
9208,0.99910673968635,0.8416,0,0
9209,0.99910616026691,0.8418,0,0
9210,0.99910558084725,0.842,0,0
9211,0.99910500142736,0.8422,0,0
9212,0.99910442200724,0.8424,0,0
9213,0.99910384258689,0.8426,0,0
9214,0.99910326316632,0.8428,0,0
9215,0.99910268374552,0.843,0,0
9216,0.99910210432449,0.8432,0,0
9217,0.99910152490323,0.8434,0,0
9218,0.99910094548174,0.8436,0,0
9219,0.99910036606003,0.8438,0,0
9220,0.99909978663809,0.844,0,0
9221,0.99909920721592,0.8442,0,0
9222,0.99909862779352,0.8444,0,0
9223,0.9990980483709,0.8446,0,0
9224,0.99909746894805,0.8448,0,0
9225,0.99909688952497,0.845,0,0
9226,0.99909631010166,0.8452,0,0
9227,0.99909573067813,0.8454,0,0
9228,0.99909515125436,0.8456,0,0
9229,0.99909457183037,0.8458,0,0
9230,0.99909399240615,0.846,0,0
9231,0.99909341298171,0.8462,0,0
9232,0.99909283355703,0.8464,0,0
9233,0.99909225413213,0.8466,0,0
9234,0.999091674707,0.8468,0,0
9235,0.99909109528165,0.847,0,0
9236,0.99909051585606,0.8472,0,0
9237,0.99908993643025,0.8474,0,0
9238,0.99908935700421,0.8476,0,0
9239,0.99908877757794,0.8478,0,0
9240,0.99908819815144,0.848,0,0
9241,0.99908761872472,0.8482,0,0
9242,0.99908703929777,0.8484,0,0
9243,0.99908645987059,0.8486,0,0
9244,0.99908588044318,0.8488,0,0
9245,0.99908530101555,0.849,0,0
9246,0.99908472158768,0.8492,0,0
9247,0.99908414215959,0.8494,0,0
9248,0.99908356273128,0.8496,0,0
9249,0.99908298330273,0.8498,0,0
9250,0.99908240387396,0.85,0,0
9251,0.99908182444496,0.8502,0,0
9252,0.99908124501573,0.8504,0,0
9253,0.99908066558627,0.8506,0,0
9254,0.99908008615658,0.8508,0,0
9255,0.99907950672667,0.851,0,0
9256,0.99907892729653,0.8512,0,0
9257,0.99907834786616,0.8514,0,0
9258,0.99907776843557,0.8516,0,0
9259,0.99907718900475,0.8518,0,0
9260,0.99907660957369,0.852,0,0
9261,0.99907603014242,0.8522,0,0
9262,0.99907545071091,0.8524,0,0
9263,0.99907487127917,0.8526,0,0
9264,0.99907429184721,0.8528,0,0
9265,0.99907371241502,0.853,0,0
9266,0.9990731329826,0.8532,0,0
9267,0.99907255354996,0.8534,0,0
9268,0.99907197411708,0.8536,0,0
9269,0.99907139468398,0.8538,0,0
9270,0.99907081525065,0.854,0,0
9271,0.9990702358171,0.8542,0,0
9272,0.99906965638331,0.8544,0,0
9273,0.9990690769493,0.8546,0,0
9274,0.99906849751506,0.8548,0,0
9275,0.99906791808059,0.855,0,0
9276,0.9990673386459,0.8552,0,0
9277,0.99906675921098,0.8554,0,0
9278,0.99906617977582,0.8556,0,0
9279,0.99906560034045,0.8558,0,0
9280,0.99906502090484,0.856,0,0
9281,0.999064441469,0.8562,0,0
9282,0.99906386203294,0.8564,0,0
9283,0.99906328259665,0.8566,0,0
9284,0.99906270316014,0.8568,0,0
9285,0.99906212372339,0.857,0,0
9286,0.99906154428642,0.8572,0,0
9287,0.99906096484922,0.8574,0,0
9288,0.99906038541179,0.8576,0,0
9289,0.99905980597413,0.8578,0,0
9290,0.99905922653625,0.858,0,0
9291,0.99905864709813,0.8582,0,0
9292,0.99905806765979,0.8584,0,0
9293,0.99905748822123,0.8586,0,0
9294,0.99905690878243,0.8588,0,0
9295,0.99905632934341,0.859,0,0
9296,0.99905574990416,0.8592,0,0
9297,0.99905517046468,0.8594,0,0
9298,0.99905459102497,0.8596,0,0
9299,0.99905401158504,0.8598,0,0
9300,0.99905343214488,0.86,0,0
9301,0.99905285270449,0.8602,0,0
9302,0.99905227326387,0.8604,0,0
9303,0.99905169382302,0.8606,0,0
9304,0.99905111438195,0.8608,0,0
9305,0.99905053494065,0.861,0,0
9306,0.99904995549912,0.8612,0,0
9307,0.99904937605736,0.8614,0,0
9308,0.99904879661538,0.8616,0,0
9309,0.99904821717317,0.8618,0,0
9310,0.99904763773073,0.862,0,0
9311,0.99904705828806,0.8622,0,0
9312,0.99904647884517,0.8624,0,0
9313,0.99904589940204,0.8626,0,0
9314,0.99904531995869,0.8628,0,0
9315,0.99904474051511,0.863,0,0
9316,0.99904416107131,0.8632,0,0
9317,0.99904358162727,0.8634,0,0
9318,0.99904300218301,0.8636,0,0
9319,0.99904242273852,0.8638,0,0
9320,0.9990418432938,0.864,0,0
9321,0.99904126384886,0.8642,0,0
9322,0.99904068440368,0.8644,0,0
9323,0.99904010495828,0.8646,0,0
9324,0.99903952551265,0.8648,0,0
9325,0.9990389460668,0.865,0,0
9326,0.99903836662071,0.8652,0,0
9327,0.9990377871744,0.8654,0,0
9328,0.99903720772786,0.8656,0,0
9329,0.99903662828109,0.8658,0,0
9330,0.9990360488341,0.866,0,0
9331,0.99903546938688,0.8662,0,0
9332,0.99903488993942,0.8664,0,0
9333,0.99903431049175,0.8666,0,0
9334,0.99903373104384,0.8668,0,0
9335,0.9990331515957,0.867,0,0
9336,0.99903257214734,0.8672,0,0
9337,0.99903199269875,0.8674,0,0
9338,0.99903141324993,0.8676,0,0
9339,0.99903083380089,0.8678,0,0
9340,0.99903025435162,0.868,0,0
9341,0.99902967490211,0.8682,0,0
9342,0.99902909545239,0.8684,0,0
9343,0.99902851600243,0.8686,0,0
9344,0.99902793655224,0.8688,0,0
9345,0.99902735710183,0.869,0,0
9346,0.99902677765119,0.8692,0,0
9347,0.99902619820032,0.8694,0,0
9348,0.99902561874923,0.8696,0,0
9349,0.99902503929791,0.8698,0,0
9350,0.99902445984635,0.87,0,0
9351,0.99902388039458,0.8702,0,0
9352,0.99902330094257,0.8704,0,0
9353,0.99902272149033,0.8706,0,0
9354,0.99902214203787,0.8708,0,0
9355,0.99902156258518,0.871,0,0
9356,0.99902098313226,0.8712,0,0
9357,0.99902040367912,0.8714,0,0
9358,0.99901982422574,0.8716,0,0
9359,0.99901924477214,0.8718,0,0
9360,0.99901866531831,0.872,0,0
9361,0.99901808586426,0.8722,0,0
9362,0.99901750640997,0.8724,0,0
9363,0.99901692695546,0.8726,0,0
9364,0.99901634750072,0.8728,0,0
9365,0.99901576804575,0.873,0,0
9366,0.99901518859055,0.8732,0,0
9367,0.99901460913513,0.8734,0,0
9368,0.99901402967948,0.8736,0,0
9369,0.9990134502236,0.8738,0,0
9370,0.99901287076749,0.874,0,0
9371,0.99901229131116,0.8742,0,0
9372,0.9990117118546,0.8744,0,0
9373,0.9990111323978,0.8746,0,0
9374,0.99901055294079,0.8748,0,0
9375,0.99900997348354,0.875,0,0
9376,0.99900939402607,0.8752,0,0
9377,0.99900881456836,0.8754,0,0
9378,0.99900823511043,0.8756,0,0
9379,0.99900765565228,0.8758,0,0
9380,0.99900707619389,0.876,0,0
9381,0.99900649673528,0.8762,0,0
9382,0.99900591727644,0.8764,0,0
9383,0.99900533781737,0.8766,0,0
9384,0.99900475835807,0.8768,0,0
9385,0.99900417889855,0.877,0,0
9386,0.9990035994388,0.8772,0,0
9387,0.99900301997882,0.8774,0,0
9388,0.99900244051861,0.8776,0,0
9389,0.99900186105818,0.8778,0,0
9390,0.99900128159751,0.878,0,0
9391,0.99900070213662,0.8782,0,0
9392,0.9990001226755,0.8784,0,0
9393,0.99899954321416,0.8786,0,0
9394,0.99899896375258,0.8788,0,0
9395,0.99899838429078,0.879,0,0
9396,0.99899780482875,0.8792,0,0
9397,0.99899722536649,0.8794,0,0
9398,0.99899664590401,0.8796,0,0
9399,0.99899606644129,0.8798,0,0
9400,0.99899548697835,0.88,0,0
9401,0.99899490751518,0.8802,0,0
9402,0.99899432805179,0.8804,0,0
9403,0.99899374858816,0.8806,0,0
9404,0.99899316912431,0.8808,0,0
9405,0.99899258966023,0.881,0,0
9406,0.99899201019592,0.8812,0,0
9407,0.99899143073138,0.8814,0,0
9408,0.99899085126662,0.8816,0,0
9409,0.99899027180163,0.8818,0,0
9410,0.99898969233641,0.882,0,0
9411,0.99898911287096,0.8822,0,0
9412,0.99898853340529,0.8824,0,0
9413,0.99898795393939,0.8826,0,0
9414,0.99898737447325,0.8828,0,0
9415,0.9989867950069,0.883,0,0
9416,0.99898621554031,0.8832,0,0
9417,0.9989856360735,0.8834,0,0
9418,0.99898505660645,0.8836,0,0
9419,0.99898447713919,0.8838,0,0
9420,0.99898389767169,0.884,0,0
9421,0.99898331820396,0.8842,0,0
9422,0.99898273873601,0.8844,0,0
9423,0.99898215926783,0.8846,0,0
9424,0.99898157979942,0.8848,0,0
9425,0.99898100033078,0.885,0,0
9426,0.99898042086192,0.8852,0,0
9427,0.99897984139283,0.8854,0,0
9428,0.99897926192351,0.8856,0,0
9429,0.99897868245396,0.8858,0,0
9430,0.99897810298418,0.886,0,0
9431,0.99897752351418,0.8862,0,0
9432,0.99897694404395,0.8864,0,0
9433,0.99897636457349,0.8866,0,0
9434,0.9989757851028,0.8868,0,0
9435,0.99897520563189,0.887,0,0
9436,0.99897462616075,0.8872,0,0
9437,0.99897404668938,0.8874,0,0
9438,0.99897346721778,0.8876,0,0
9439,0.99897288774595,0.8878,0,0
9440,0.9989723082739,0.888,0,0
9441,0.99897172880162,0.8882,0,0
9442,0.99897114932911,0.8884,0,0
9443,0.99897056985637,0.8886,0,0
9444,0.99896999038341,0.8888,0,0
9445,0.99896941091021,0.889,0,0
9446,0.99896883143679,0.8892,0,0
9447,0.99896825196314,0.8894,0,0
9448,0.99896767248927,0.8896,0,0
9449,0.99896709301516,0.8898,0,0
9450,0.99896651354083,0.89,0,0
9451,0.99896593406627,0.8902,0,0
9452,0.99896535459148,0.8904,0,0
9453,0.99896477511647,0.8906,0,0
9454,0.99896419564123,0.8908,0,0
9455,0.99896361616575,0.891,0,0
9456,0.99896303669006,0.8912,0,0
9457,0.99896245721413,0.8914,0,0
9458,0.99896187773797,0.8916,0,0
9459,0.99896129826159,0.8918,0,0
9460,0.99896071878498,0.892,0,0
9461,0.99896013930814,0.8922,0,0
9462,0.99895955983108,0.8924,0,0
9463,0.99895898035378,0.8926,0,0
9464,0.99895840087626,0.8928,0,0
9465,0.99895782139851,0.893,0,0
9466,0.99895724192054,0.8932,0,0
9467,0.99895666244233,0.8934,0,0
9468,0.9989560829639,0.8936,0,0
9469,0.99895550348524,0.8938,0,0
9470,0.99895492400635,0.894,0,0
9471,0.99895434452723,0.8942,0,0
9472,0.99895376504789,0.8944,0,0
9473,0.99895318556832,0.8946,0,0
9474,0.99895260608852,0.8948,0,0
9475,0.99895202660849,0.895,0,0
9476,0.99895144712824,0.8952,0,0
9477,0.99895086764775,0.8954,0,0
9478,0.99895028816704,0.8956,0,0
9479,0.9989497086861,0.8958,0,0
9480,0.99894912920494,0.896,0,0
9481,0.99894854972354,0.8962,0,0
9482,0.99894797024192,0.8964,0,0
9483,0.99894739076007,0.8966,0,0
9484,0.99894681127799,0.8968,0,0
9485,0.99894623179568,0.897,0,0
9486,0.99894565231315,0.8972,0,0
9487,0.99894507283039,0.8974,0,0
9488,0.9989444933474,0.8976,0,0
9489,0.99894391386418,0.8978,0,0
9490,0.99894333438074,0.898,0,0
9491,0.99894275489706,0.8982,0,0
9492,0.99894217541316,0.8984,0,0
9493,0.99894159592904,0.8986,0,0
9494,0.99894101644468,0.8988,0,0
9495,0.99894043696009,0.899,0,0
9496,0.99893985747528,0.8992,0,0
9497,0.99893927799024,0.8994,0,0
9498,0.99893869850497,0.8996,0,0
9499,0.99893811901948,0.8998,0,0
9500,0.99893753953376,0.9,0,0
9501,0.9989369600478,0.9002,0,0
9502,0.99893638056163,0.9004,0,0
9503,0.99893580107522,0.9006,0,0
9504,0.99893522158858,0.9008,0,0
9505,0.99893464210172,0.901,0,0
9506,0.99893406261463,0.9012,0,0
9507,0.99893348312731,0.9014,0,0
9508,0.99893290363977,0.9016,0,0
9509,0.99893232415199,0.9018,0,0
9510,0.99893174466399,0.902,0,0
9511,0.99893116517576,0.9022,0,0
9512,0.9989305856873,0.9024,0,0
9513,0.99893000619862,0.9026,0,0
9514,0.99892942670971,0.9028,0,0
9515,0.99892884722056,0.903,0,0
9516,0.9989282677312,0.9032,0,0
9517,0.9989276882416,0.9034,0,0
9518,0.99892710875177,0.9036,0,0
9519,0.99892652926172,0.9038,0,0
9520,0.99892594977144,0.904,0,0
9521,0.99892537028093,0.9042,0,0
9522,0.9989247907902,0.9044,0,0
9523,0.99892421129923,0.9046,0,0
9524,0.99892363180804,0.9048,0,0
9525,0.99892305231662,0.905,0,0
9526,0.99892247282498,0.9052,0,0
9527,0.9989218933331,0.9054,0,0
9528,0.998921313841,0.9056,0,0
9529,0.99892073434867,0.9058,0,0
9530,0.99892015485611,0.906,0,0
9531,0.99891957536332,0.9062,0,0
9532,0.99891899587031,0.9064,0,0
9533,0.99891841637707,0.9066,0,0
9534,0.9989178368836,0.9068,0,0
9535,0.9989172573899,0.907,0,0
9536,0.99891667789597,0.9072,0,0
9537,0.99891609840182,0.9074,0,0
9538,0.99891551890744,0.9076,0,0
9539,0.99891493941283,0.9078,0,0
9540,0.99891435991799,0.908,0,0
9541,0.99891378042293,0.9082,0,0
9542,0.99891320092763,0.9084,0,0
9543,0.99891262143211,0.9086,0,0
9544,0.99891204193636,0.9088,0,0
9545,0.99891146244039,0.909,0,0
9546,0.99891088294418,0.9092,0,0
9547,0.99891030344775,0.9094,0,0
9548,0.99890972395109,0.9096,0,0
9549,0.9989091444542,0.9098,0,0
9550,0.99890856495709,0.91,0,0
9551,0.99890798545974,0.9102,0,0
9552,0.99890740596217,0.9104,0,0
9553,0.99890682646437,0.9106,0,0
9554,0.99890624696635,0.9108,0,0
9555,0.99890566746809,0.911,0,0
9556,0.99890508796961,0.9112,0,0
9557,0.9989045084709,0.9114,0,0
9558,0.99890392897196,0.9116,0,0
9559,0.99890334947279,0.9118,0,0
9560,0.9989027699734,0.912,0,0
9561,0.99890219047378,0.9122,0,0
9562,0.99890161097393,0.9124,0,0
9563,0.99890103147385,0.9126,0,0
9564,0.99890045197354,0.9128,0,0
9565,0.99889987247301,0.913,0,0
9566,0.99889929297225,0.9132,0,0
9567,0.99889871347126,0.9134,0,0
9568,0.99889813397004,0.9136,0,0
9569,0.9988975544686,0.9138,0,0
9570,0.99889697496693,0.914,0,0
9571,0.99889639546502,0.9142,0,0
9572,0.9988958159629,0.9144,0,0
9573,0.99889523646054,0.9146,0,0
9574,0.99889465695796,0.9148,0,0
9575,0.99889407745514,0.915,0,0
9576,0.9988934979521,0.9152,0,0
9577,0.99889291844884,0.9154,0,0
9578,0.99889233894534,0.9156,0,0
9579,0.99889175944162,0.9158,0,0
9580,0.99889117993767,0.916,0,0
9581,0.99889060043349,0.9162,0,0
9582,0.99889002092908,0.9164,0,0
9583,0.99888944142444,0.9166,0,0
9584,0.99888886191958,0.9168,0,0
9585,0.99888828241449,0.917,0,0
9586,0.99888770290917,0.9172,0,0
9587,0.99888712340363,0.9174,0,0
9588,0.99888654389785,0.9176,0,0
9589,0.99888596439185,0.9178,0,0
9590,0.99888538488562,0.918,0,0
9591,0.99888480537916,0.9182,0,0
9592,0.99888422587248,0.9184,0,0
9593,0.99888364636556,0.9186,0,0
9594,0.99888306685842,0.9188,0,0
9595,0.99888248735105,0.919,0,0
9596,0.99888190784345,0.9192,0,0
9597,0.99888132833563,0.9194,0,0
9598,0.99888074882758,0.9196,0,0
9599,0.9988801693193,0.9198,0,0
9600,0.99887958981079,0.92,0,0
9601,0.99887901030205,0.9202,0,0
9602,0.99887843079309,0.9204,0,0
9603,0.99887785128389,0.9206,0,0
9604,0.99887727177447,0.9208,0,0
9605,0.99887669226483,0.921,0,0
9606,0.99887611275495,0.9212,0,0
9607,0.99887553324485,0.9214,0,0
9608,0.99887495373451,0.9216,0,0
9609,0.99887437422396,0.9218,0,0
9610,0.99887379471317,0.922,0,0
9611,0.99887321520215,0.9222,0,0
9612,0.99887263569091,0.9224,0,0
9613,0.99887205617944,0.9226,0,0
9614,0.99887147666774,0.9228,0,0
9615,0.99887089715581,0.923,0,0
9616,0.99887031764366,0.9232,0,0
9617,0.99886973813128,0.9234,0,0
9618,0.99886915861867,0.9236,0,0
9619,0.99886857910583,0.9238,0,0
9620,0.99886799959276,0.924,0,0
9621,0.99886742007947,0.9242,0,0
9622,0.99886684056595,0.9244,0,0
9623,0.9988662610522,0.9246,0,0
9624,0.99886568153822,0.9248,0,0
9625,0.99886510202401,0.925,0,0
9626,0.99886452250958,0.9252,0,0
9627,0.99886394299492,0.9254,0,0
9628,0.99886336348003,0.9256,0,0
9629,0.99886278396491,0.9258,0,0
9630,0.99886220444957,0.926,0,0
9631,0.998861624934,0.9262,0,0
9632,0.99886104541819,0.9264,0,0
9633,0.99886046590217,0.9266,0,0
9634,0.99885988638591,0.9268,0,0
9635,0.99885930686943,0.927,0,0
9636,0.99885872735271,0.9272,0,0
9637,0.99885814783577,0.9274,0,0
9638,0.99885756831861,0.9276,0,0
9639,0.99885698880121,0.9278,0,0
9640,0.99885640928359,0.928,0,0
9641,0.99885582976574,0.9282,0,0
9642,0.99885525024766,0.9284,0,0
9643,0.99885467072935,0.9286,0,0
9644,0.99885409121081,0.9288,0,0
9645,0.99885351169205,0.929,0,0
9646,0.99885293217306,0.9292,0,0
9647,0.99885235265384,0.9294,0,0
9648,0.99885177313439,0.9296,0,0
9649,0.99885119361472,0.9298,0,0
9650,0.99885061409482,0.93,0,0
9651,0.99885003457469,0.9302,0,0
9652,0.99884945505433,0.9304,0,0
9653,0.99884887553374,0.9306,0,0
9654,0.99884829601293,0.9308,0,0
9655,0.99884771649189,0.931,0,0
9656,0.99884713697062,0.9312,0,0
9657,0.99884655744912,0.9314,0,0
9658,0.99884597792739,0.9316,0,0
9659,0.99884539840544,0.9318,0,0
9660,0.99884481888326,0.932,0,0
9661,0.99884423936085,0.9322,0,0
9662,0.99884365983821,0.9324,0,0
9663,0.99884308031535,0.9326,0,0
9664,0.99884250079226,0.9328,0,0
9665,0.99884192126894,0.933,0,0
9666,0.99884134174539,0.9332,0,0
9667,0.99884076222161,0.9334,0,0
9668,0.99884018269761,0.9336,0,0
9669,0.99883960317337,0.9338,0,0
9670,0.99883902364891,0.934,0,0
9671,0.99883844412423,0.9342,0,0
9672,0.99883786459931,0.9344,0,0
9673,0.99883728507417,0.9346,0,0
9674,0.99883670554879,0.9348,0,0
9675,0.99883612602319,0.935,0,0
9676,0.99883554649737,0.9352,0,0
9677,0.99883496697131,0.9354,0,0
9678,0.99883438744503,0.9356,0,0
9679,0.99883380791852,0.9358,0,0
9680,0.99883322839178,0.936,0,0
9681,0.99883264886481,0.9362,0,0
9682,0.99883206933762,0.9364,0,0
9683,0.99883148981019,0.9366,0,0
9684,0.99883091028254,0.9368,0,0
9685,0.99883033075466,0.937,0,0
9686,0.99882975122656,0.9372,0,0
9687,0.99882917169822,0.9374,0,0
9688,0.99882859216966,0.9376,0,0
9689,0.99882801264087,0.9378,0,0
9690,0.99882743311185,0.938,0,0
9691,0.99882685358261,0.9382,0,0
9692,0.99882627405313,0.9384,0,0
9693,0.99882569452343,0.9386,0,0
9694,0.9988251149935,0.9388,0,0
9695,0.99882453546335,0.939,0,0
9696,0.99882395593296,0.9392,0,0
9697,0.99882337640235,0.9394,0,0
9698,0.99882279687151,0.9396,0,0
9699,0.99882221734044,0.9398,0,0
9700,0.99882163780914,0.94,0,0
9701,0.99882105827762,0.9402,0,0
9702,0.99882047874586,0.9404,0,0
9703,0.99881989921388,0.9406,0,0
9704,0.99881931968167,0.9408,0,0
9705,0.99881874014924,0.941,0,0
9706,0.99881816061657,0.9412,0,0
9707,0.99881758108368,0.9414,0,0
9708,0.99881700155056,0.9416,0,0
9709,0.99881642201721,0.9418,0,0
9710,0.99881584248364,0.942,0,0
9711,0.99881526294983,0.9422,0,0
9712,0.9988146834158,0.9424,0,0
9713,0.99881410388154,0.9426,0,0
9714,0.99881352434705,0.9428,0,0
9715,0.99881294481234,0.943,0,0
9716,0.9988123652774,0.9432,0,0
9717,0.99881178574222,0.9434,0,0
9718,0.99881120620683,0.9436,0,0
9719,0.9988106266712,0.9438,0,0
9720,0.99881004713534,0.944,0,0
9721,0.99880946759926,0.9442,0,0
9722,0.99880888806295,0.9444,0,0
9723,0.99880830852641,0.9446,0,0
9724,0.99880772898964,0.9448,0,0
9725,0.99880714945265,0.945,0,0
9726,0.99880656991543,0.9452,0,0
9727,0.99880599037798,0.9454,0,0
9728,0.9988054108403,0.9456,0,0
9729,0.99880483130239,0.9458,0,0
9730,0.99880425176426,0.946,0,0
9731,0.9988036722259,0.9462,0,0
9732,0.99880309268731,0.9464,0,0
9733,0.99880251314849,0.9466,0,0
9734,0.99880193360944,0.9468,0,0
9735,0.99880135407017,0.947,0,0
9736,0.99880077453067,0.9472,0,0
9737,0.99880019499094,0.9474,0,0
9738,0.99879961545098,0.9476,0,0
9739,0.9987990359108,0.9478,0,0
9740,0.99879845637038,0.948,0,0
9741,0.99879787682974,0.9482,0,0
9742,0.99879729728887,0.9484,0,0
9743,0.99879671774778,0.9486,0,0
9744,0.99879613820645,0.9488,0,0
9745,0.9987955586649,0.949,0,0
9746,0.99879497912312,0.9492,0,0
9747,0.99879439958111,0.9494,0,0
9748,0.99879382003887,0.9496,0,0
9749,0.99879324049641,0.9498,0,0
9750,0.99879266095372,0.95,0,0
9751,0.9987920814108,0.9502,0,0
9752,0.99879150186765,0.9504,0,0
9753,0.99879092232427,0.9506,0,0
9754,0.99879034278067,0.9508,0,0
9755,0.99878976323684,0.951,0,0
9756,0.99878918369278,0.9512,0,0
9757,0.99878860414849,0.9514,0,0
9758,0.99878802460397,0.9516,0,0
9759,0.99878744505923,0.9518,0,0
9760,0.99878686551426,0.952,0,0
9761,0.99878628596906,0.9522,0,0
9762,0.99878570642363,0.9524,0,0
9763,0.99878512687798,0.9526,0,0
9764,0.9987845473321,0.9528,0,0
9765,0.99878396778598,0.953,0,0
9766,0.99878338823965,0.9532,0,0
9767,0.99878280869308,0.9534,0,0
9768,0.99878222914628,0.9536,0,0
9769,0.99878164959926,0.9538,0,0
9770,0.99878107005201,0.954,0,0
9771,0.99878049050453,0.9542,0,0
9772,0.99877991095683,0.9544,0,0
9773,0.99877933140889,0.9546,0,0
9774,0.99877875186073,0.9548,0,0
9775,0.99877817231234,0.955,0,0
9776,0.99877759276372,0.9552,0,0
9777,0.99877701321487,0.9554,0,0
9778,0.9987764336658,0.9556,0,0
9779,0.9987758541165,0.9558,0,0
9780,0.99877527456697,0.956,0,0
9781,0.99877469501721,0.9562,0,0
9782,0.99877411546723,0.9564,0,0
9783,0.99877353591701,0.9566,0,0
9784,0.99877295636657,0.9568,0,0
9785,0.9987723768159,0.957,0,0
9786,0.998771797265,0.9572,0,0
9787,0.99877121771388,0.9574,0,0
9788,0.99877063816253,0.9576,0,0
9789,0.99877005861094,0.9578,0,0
9790,0.99876947905914,0.958,0,0
9791,0.9987688995071,0.9582,0,0
9792,0.99876831995483,0.9584,0,0
9793,0.99876774040234,0.9586,0,0
9794,0.99876716084962,0.9588,0,0
9795,0.99876658129667,0.959,0,0
9796,0.9987660017435,0.9592,0,0
9797,0.99876542219009,0.9594,0,0
9798,0.99876484263646,0.9596,0,0
9799,0.9987642630826,0.9598,0,0
9800,0.99876368352851,0.96,0,0
9801,0.99876310397419,0.9602,0,0
9802,0.99876252441965,0.9604,0,0
9803,0.99876194486488,0.9606,0,0
9804,0.99876136530988,0.9608,0,0
9805,0.99876078575465,0.961,0,0
9806,0.99876020619919,0.9612,0,0
9807,0.99875962664351,0.9614,0,0
9808,0.9987590470876,0.9616,0,0
9809,0.99875846753146,0.9618,0,0
9810,0.99875788797509,0.962,0,0
9811,0.9987573084185,0.9622,0,0
9812,0.99875672886167,0.9624,0,0
9813,0.99875614930462,0.9626,0,0
9814,0.99875556974734,0.9628,0,0
9815,0.99875499018983,0.963,0,0
9816,0.9987544106321,0.9632,0,0
9817,0.99875383107414,0.9634,0,0
9818,0.99875325151594,0.9636,0,0
9819,0.99875267195753,0.9638,0,0
9820,0.99875209239888,0.964,0,0
9821,0.99875151284,0.9642,0,0
9822,0.9987509332809,0.9644,0,0
9823,0.99875035372157,0.9646,0,0
9824,0.99874977416201,0.9648,0,0
9825,0.99874919460222,0.965,0,0
9826,0.99874861504221,0.9652,0,0
9827,0.99874803548197,0.9654,0,0
9828,0.9987474559215,0.9656,0,0
9829,0.9987468763608,0.9658,0,0
9830,0.99874629679987,0.966,0,0
9831,0.99874571723872,0.9662,0,0
9832,0.99874513767734,0.9664,0,0
9833,0.99874455811573,0.9666,0,0
9834,0.99874397855389,0.9668,0,0
9835,0.99874339899182,0.967,0,0
9836,0.99874281942953,0.9672,0,0
9837,0.99874223986701,0.9674,0,0
9838,0.99874166030426,0.9676,0,0
9839,0.99874108074128,0.9678,0,0
9840,0.99874050117807,0.968,0,0
9841,0.99873992161464,0.9682,0,0
9842,0.99873934205098,0.9684,0,0
9843,0.99873876248709,0.9686,0,0
9844,0.99873818292297,0.9688,0,0
9845,0.99873760335863,0.969,0,0
9846,0.99873702379405,0.9692,0,0
9847,0.99873644422925,0.9694,0,0
9848,0.99873586466422,0.9696,0,0
9849,0.99873528509896,0.9698,0,0
9850,0.99873470553348,0.97,0,0
9851,0.99873412596777,0.9702,0,0
9852,0.99873354640183,0.9704,0,0
9853,0.99873296683566,0.9706,0,0
9854,0.99873238726926,0.9708,0,0
9855,0.99873180770263,0.971,0,0
9856,0.99873122813578,0.9712,0,0
9857,0.9987306485687,0.9714,0,0
9858,0.99873006900139,0.9716,0,0
9859,0.99872948943386,0.9718,0,0
9860,0.99872890986609,0.972,0,0
9861,0.9987283302981,0.9722,0,0
9862,0.99872775072988,0.9724,0,0
9863,0.99872717116143,0.9726,0,0
9864,0.99872659159275,0.9728,0,0
9865,0.99872601202385,0.973,0,0
9866,0.99872543245472,0.9732,0,0
9867,0.99872485288536,0.9734,0,0
9868,0.99872427331577,0.9736,0,0
9869,0.99872369374595,0.9738,0,0
9870,0.99872311417591,0.974,0,0
9871,0.99872253460564,0.9742,0,0
9872,0.99872195503514,0.9744,0,0
9873,0.99872137546441,0.9746,0,0
9874,0.99872079589345,0.9748,0,0
9875,0.99872021632227,0.975,0,0
9876,0.99871963675086,0.9752,0,0
9877,0.99871905717922,0.9754,0,0
9878,0.99871847760735,0.9756,0,0
9879,0.99871789803525,0.9758,0,0
9880,0.99871731846293,0.976,0,0
9881,0.99871673889038,0.9762,0,0
9882,0.9987161593176,0.9764,0,0
9883,0.99871557974459,0.9766,0,0
9884,0.99871500017136,0.9768,0,0
9885,0.99871442059789,0.977,0,0
9886,0.9987138410242,0.9772,0,0
9887,0.99871326145028,0.9774,0,0
9888,0.99871268187613,0.9776,0,0
9889,0.99871210230176,0.9778,0,0
9890,0.99871152272716,0.978,0,0
9891,0.99871094315233,0.9782,0,0
9892,0.99871036357727,0.9784,0,0
9893,0.99870978400198,0.9786,0,0
9894,0.99870920442646,0.9788,0,0
9895,0.99870862485072,0.979,0,0
9896,0.99870804527475,0.9792,0,0
9897,0.99870746569855,0.9794,0,0
9898,0.99870688612212,0.9796,0,0
9899,0.99870630654547,0.9798,0,0
9900,0.99870572696859,0.98,0,0
9901,0.99870514739148,0.9802,0,0
9902,0.99870456781414,0.9804,0,0
9903,0.99870398823657,0.9806,0,0
9904,0.99870340865878,0.9808,0,0
9905,0.99870282908075,0.981,0,0
9906,0.9987022495025,0.9812,0,0
9907,0.99870166992403,0.9814,0,0
9908,0.99870109034532,0.9816,0,0
9909,0.99870051076638,0.9818,0,0
9910,0.99869993118722,0.982,0,0
9911,0.99869935160783,0.9822,0,0
9912,0.99869877202821,0.9824,0,0
9913,0.99869819244837,0.9826,0,0
9914,0.99869761286829,0.9828,0,0
9915,0.99869703328799,0.983,0,0
9916,0.99869645370746,0.9832,0,0
9917,0.9986958741267,0.9834,0,0
9918,0.99869529454572,0.9836,0,0
9919,0.9986947149645,0.9838,0,0
9920,0.99869413538306,0.984,0,0
9921,0.99869355580139,0.9842,0,0
9922,0.99869297621949,0.9844,0,0
9923,0.99869239663737,0.9846,0,0
9924,0.99869181705501,0.9848,0,0
9925,0.99869123747243,0.985,0,0
9926,0.99869065788962,0.9852,0,0
9927,0.99869007830658,0.9854,0,0
9928,0.99868949872332,0.9856,0,0
9929,0.99868891913982,0.9858,0,0
9930,0.9986883395561,0.986,0,0
9931,0.99868775997215,0.9862,0,0
9932,0.99868718038798,0.9864,0,0
9933,0.99868660080357,0.9866,0,0
9934,0.99868602121894,0.9868,0,0
9935,0.99868544163408,0.987,0,0
9936,0.99868486204899,0.9872,0,0
9937,0.99868428246367,0.9874,0,0
9938,0.99868370287812,0.9876,0,0
9939,0.99868312329235,0.9878,0,0
9940,0.99868254370635,0.988,0,0
9941,0.99868196412012,0.9882,0,0
9942,0.99868138453366,0.9884,0,0
9943,0.99868080494698,0.9886,0,0
9944,0.99868022536006,0.9888,0,0
9945,0.99867964577292,0.989,0,0
9946,0.99867906618555,0.9892,0,0
9947,0.99867848659796,0.9894,0,0
9948,0.99867790701013,0.9896,0,0
9949,0.99867732742208,0.9898,0,0
9950,0.9986767478338,0.99,0,0
9951,0.99867616824529,0.9902,0,0
9952,0.99867558865655,0.9904,0,0
9953,0.99867500906759,0.9906,0,0
9954,0.99867442947839,0.9908,0,0
9955,0.99867384988897,0.991,0,0
9956,0.99867327029932,0.9912,0,0
9957,0.99867269070945,0.9914,0,0
9958,0.99867211111934,0.9916,0,0
9959,0.99867153152901,0.9918,0,0
9960,0.99867095193845,0.992,0,0
9961,0.99867037234766,0.9922,0,0
9962,0.99866979275664,0.9924,0,0
9963,0.9986692131654,0.9926,0,0
9964,0.99866863357392,0.9928,0,0
9965,0.99866805398222,0.993,0,0
9966,0.99866747439029,0.9932,0,0
9967,0.99866689479814,0.9934,0,0
9968,0.99866631520575,0.9936,0,0
9969,0.99866573561314,0.9938,0,0
9970,0.9986651560203,0.994,0,0
9971,0.99866457642723,0.9942,0,0
9972,0.99866399683393,0.9944,0,0
9973,0.99866341724041,0.9946,0,0
9974,0.99866283764666,0.9948,0,0
9975,0.99866225805268,0.995,0,0
9976,0.99866167845847,0.9952,0,0
9977,0.99866109886403,0.9954,0,0
9978,0.99866051926937,0.9956,0,0
9979,0.99865993967447,0.9958,0,0
9980,0.99865936007935,0.996,0,0
9981,0.998658780484,0.9962,0,0
9982,0.99865820088843,0.9964,0,0
9983,0.99865762129262,0.9966,0,0
9984,0.99865704169659,0.9968,0,0
9985,0.99865646210033,0.997,0,0
9986,0.99865588250385,0.9972,0,0
9987,0.99865530290711,0.9974,0,0
9988,0.99865472331027,0.9976,0,0
9989,0.99865414371257,0.9978,0,0
9990,0.99865356411769,0.998,0,0
9991,0.99865298450809,0.9982,0,0
9992,0.99865240496708,0.9984,0,0
9993,0.99865182509903,0.9986,0,0
9994,0.99865124678296,0.9988,0,0
9995,0.99865066109421,0.999,0,0
9996,0.99865011042164,0.9992,0,0
9997,0.9986493934341,0.9994,0,0
9998,0.9986494663788,0.9996,0,0
15004,0.99864086230138,0.9997,0,0
15010,0.99858892571409,0.99975,0,0
9999,0.99824093714008,0.9998,0,0
15008,0.9958680870471,0.99985,0,0
15001,0.97967753013542,0.9999,0,0
15020,0.9528754186542,0.999925,0,0
15026,0.92864049301442,0.9999375,0,0
15009,0.89216386577403,0.99995,0,0
15025,0.83706569631533,0.9999625,0,0
15016,0.7537053873596,0.999975,0,0
15023,0.62748477339437,0.9999875,0,0
10000,0.43626194889975,1,0,0
